#
# Test data
#
param p_no_nodes :=100;
set p_links := 
1 9
1 13
1 18
1 19
1 25
1 41
1 42
1 46
1 49
1 50
1 51
1 59
1 61
1 63
1 74
1 77
1 78
1 87
1 93
1 98
2 3
2 8
2 9
2 10
2 12
2 14
2 27
2 28
2 29
2 46
2 49
2 53
2 54
2 57
2 60
2 63
2 68
2 71
2 75
2 83
2 95
3 7
3 10
3 14
3 16
3 22
3 23
3 27
3 28
3 29
3 32
3 34
3 39
3 42
3 43
3 47
3 49
3 50
3 57
3 61
3 63
3 68
3 74
3 81
3 84
3 85
3 86
3 87
3 88
3 89
3 100
4 1
4 7
4 11
4 12
4 17
4 18
4 21
4 25
4 27
4 30
4 42
4 50
4 53
4 66
4 70
4 71
4 75
4 77
4 81
4 86
4 93
4 96
4 100
5 4
5 6
5 7
5 28
5 29
5 32
5 35
5 40
5 41
5 51
5 55
5 57
5 75
5 76
5 77
5 79
5 80
5 83
5 86
5 87
5 90
6 9
6 20
6 21
6 23
6 32
6 40
6 41
6 47
6 54
6 63
6 71
6 85
6 86
6 89
6 91
6 97
6 100
7 8
7 10
7 11
7 17
7 19
7 26
7 34
7 35
7 38
7 40
7 52
7 54
7 55
7 57
7 58
7 74
7 78
7 80
7 99
8 10
8 13
8 15
8 19
8 22
8 24
8 25
8 29
8 39
8 41
8 45
8 55
8 58
8 69
8 78
8 83
8 87
8 90
8 91
8 92
8 95
8 96
8 100
9 5
9 12
9 14
9 17
9 19
9 26
9 27
9 32
9 33
9 35
9 44
9 54
9 55
9 67
9 70
9 75
9 77
9 79
9 82
9 89
9 96
9 98
10 1
10 2
10 7
10 21
10 22
10 23
10 24
10 27
10 30
10 33
10 38
10 41
10 46
10 49
10 56
10 58
10 65
10 71
10 90
10 94
11 1
11 3
11 6
11 14
11 31
11 37
11 48
11 53
11 56
11 72
11 73
11 82
11 83
11 87
11 88
11 90
11 93
11 95
11 98
11 100
12 13
12 17
12 25
12 29
12 35
12 51
12 53
12 55
12 56
12 60
12 61
12 62
12 72
12 73
12 77
13 4
13 9
13 11
13 16
13 22
13 31
13 47
13 49
13 54
13 57
13 62
13 69
13 70
13 79
13 98
14 1
14 5
14 8
14 10
14 12
14 13
14 17
14 20
14 24
14 25
14 29
14 30
14 35
14 41
14 42
14 43
14 45
14 54
14 57
14 67
14 70
14 72
14 74
14 78
14 88
14 91
14 92
14 96
14 97
15 6
15 10
15 31
15 34
15 40
15 41
15 47
15 55
15 62
15 71
15 82
15 85
15 96
15 97
15 99
16 2
16 15
16 25
16 27
16 39
16 43
16 46
16 51
16 64
16 68
16 79
16 83
16 87
16 90
16 93
17 1
17 5
17 12
17 21
17 23
17 27
17 29
17 30
17 38
17 47
17 48
17 49
17 51
17 53
17 54
17 59
17 66
17 69
17 71
17 77
17 80
17 86
17 89
17 90
17 95
17 96
17 100
18 1
18 6
18 12
18 21
18 23
18 24
18 29
18 30
18 33
18 38
18 43
18 46
18 59
18 60
18 62
18 63
18 70
18 76
18 82
18 83
18 97
18 100
19 4
19 14
19 16
19 24
19 30
19 33
19 34
19 39
19 47
19 52
19 63
19 65
19 71
19 75
19 80
19 82
19 87
19 89
19 92
19 94
19 96
20 3
20 14
20 21
20 25
20 27
20 35
20 36
20 37
20 55
20 58
20 60
20 62
20 64
20 79
20 80
20 89
20 92
20 93
20 99
21 2
21 6
21 10
21 24
21 26
21 30
21 38
21 41
21 55
21 58
21 60
21 64
21 72
21 78
21 80
21 88
21 91
21 96
21 97
21 99
22 7
22 14
22 21
22 28
22 34
22 41
22 45
22 48
22 57
22 58
22 60
22 61
22 64
22 66
22 73
22 74
22 76
22 81
22 93
23 1
23 2
23 7
23 10
23 20
23 27
23 29
23 37
23 38
23 42
23 52
23 55
23 58
23 66
23 69
23 70
23 79
24 8
24 17
24 19
24 20
24 25
24 26
24 29
24 32
24 35
24 38
24 45
24 47
24 52
24 54
24 56
24 77
24 80
24 85
24 88
25 4
25 6
25 11
25 12
25 17
25 21
25 22
25 29
25 35
25 40
25 46
25 52
25 62
25 69
25 79
25 80
25 82
25 83
25 90
25 91
26 4
26 9
26 16
26 22
26 45
26 47
26 50
26 55
26 57
26 59
26 74
26 76
26 78
26 85
26 86
26 87
27 16
27 24
27 29
27 35
27 36
27 37
27 38
27 46
27 47
27 56
27 59
27 60
27 63
27 73
27 74
27 80
27 82
27 83
27 98
27 100
28 2
28 5
28 12
28 13
28 23
28 24
28 30
28 37
28 40
28 43
28 51
28 62
28 65
28 68
28 73
28 75
28 85
28 87
28 96
29 2
29 3
29 5
29 8
29 15
29 16
29 20
29 24
29 31
29 40
29 42
29 48
29 55
29 72
29 75
29 77
29 78
29 79
29 81
29 83
29 86
29 95
30 4
30 20
30 32
30 42
30 50
30 52
30 54
30 56
30 60
30 68
30 69
30 71
30 75
30 78
30 81
30 83
30 85
30 89
31 6
31 17
31 39
31 41
31 44
31 47
31 51
31 52
31 55
31 63
31 64
31 65
31 69
31 73
31 78
31 80
31 96
32 2
32 12
32 24
32 27
32 29
32 46
32 47
32 49
32 50
32 54
32 59
32 62
32 72
32 77
32 82
32 84
32 94
32 100
33 2
33 7
33 11
33 13
33 14
33 16
33 25
33 26
33 37
33 41
33 50
33 52
33 55
33 57
33 58
33 62
33 71
33 73
33 75
33 85
33 90
33 94
33 99
34 1
34 3
34 19
34 21
34 25
34 27
34 39
34 43
34 50
34 53
34 61
34 76
34 87
34 94
35 2
35 4
35 6
35 7
35 8
35 11
35 14
35 16
35 19
35 33
35 34
35 36
35 37
35 61
35 66
35 71
35 73
35 78
35 82
35 85
35 90
35 94
35 96
35 97
36 3
36 5
36 6
36 7
36 8
36 26
36 32
36 45
36 48
36 50
36 51
36 53
36 56
36 65
36 76
36 87
36 89
36 91
37 2
37 5
37 6
37 31
37 38
37 42
37 43
37 45
37 50
37 51
37 53
37 55
37 56
37 61
37 74
37 78
37 80
37 81
37 82
37 83
37 87
37 99
38 3
38 7
38 8
38 16
38 17
38 22
38 25
38 33
38 34
38 41
38 46
38 47
38 52
38 54
38 55
38 60
38 66
38 75
38 91
38 100
39 2
39 3
39 12
39 14
39 29
39 35
39 36
39 45
39 51
39 53
39 54
39 58
39 63
39 67
39 70
39 82
39 91
39 92
39 94
39 98
40 3
40 6
40 9
40 23
40 25
40 26
40 43
40 52
40 56
40 58
40 60
40 62
40 63
40 72
40 73
40 76
40 77
40 79
40 83
40 84
41 9
41 12
41 13
41 37
41 46
41 65
41 66
41 69
41 70
41 73
41 74
41 75
41 79
41 86
41 90
41 92
41 97
41 99
41 100
42 4
42 10
42 12
42 14
42 25
42 29
42 36
42 53
42 55
42 58
42 59
42 61
42 64
42 88
42 94
42 96
42 97
43 10
43 23
43 24
43 26
43 32
43 35
43 37
43 38
43 41
43 63
43 74
43 75
43 89
43 96
43 99
43 100
44 2
44 24
44 27
44 29
44 45
44 52
44 53
44 55
44 56
44 57
44 58
44 78
44 83
44 89
44 92
44 93
44 95
45 5
45 11
45 12
45 20
45 21
45 23
45 26
45 32
45 36
45 43
45 48
45 53
45 59
45 68
45 79
45 81
45 82
45 97
46 7
46 8
46 11
46 20
46 31
46 35
46 37
46 44
46 45
46 53
46 54
46 55
46 57
46 58
46 60
46 69
46 86
46 91
46 93
47 1
47 14
47 16
47 23
47 27
47 35
47 55
47 60
47 76
47 80
47 94
48 2
48 10
48 14
48 19
48 20
48 26
48 29
48 33
48 41
48 44
48 46
48 56
48 68
48 74
48 87
48 93
48 95
49 4
49 5
49 6
49 7
49 11
49 14
49 16
49 18
49 22
49 29
49 31
49 36
49 39
49 44
49 45
49 47
49 51
49 64
49 77
49 80
49 81
50 14
50 15
50 20
50 29
50 40
50 51
50 55
50 56
50 57
50 59
50 60
50 64
50 67
50 72
50 74
50 77
50 81
50 89
50 94
50 95
51 1
51 4
51 7
51 9
51 15
51 16
51 24
51 26
51 33
51 37
51 38
51 46
51 48
51 52
51 63
51 64
51 73
51 81
51 82
51 86
51 89
51 92
51 97
52 6
52 15
52 20
52 24
52 30
52 33
52 34
52 36
52 42
52 45
52 49
52 51
52 54
52 55
52 57
52 68
52 85
52 87
52 91
52 93
52 97
53 5
53 11
53 12
53 13
53 15
53 23
53 24
53 35
53 38
53 43
53 47
53 51
53 57
53 67
53 74
53 82
53 87
54 5
54 8
54 10
54 24
54 25
54 40
54 49
54 55
54 59
54 62
54 63
54 79
54 81
54 82
54 85
54 89
54 91
55 3
55 24
55 26
55 30
55 37
55 39
55 45
55 46
55 48
55 54
55 63
55 66
55 67
55 71
55 73
55 74
55 77
55 79
55 81
55 83
55 92
56 8
56 12
56 15
56 16
56 34
56 38
56 41
56 45
56 52
56 63
56 67
56 82
56 89
56 90
56 97
56 99
57 12
57 15
57 34
57 35
57 43
57 52
57 63
57 66
57 72
57 75
57 89
57 90
57 93
57 94
57 97
57 99
58 5
58 7
58 13
58 18
58 19
58 24
58 26
58 29
58 30
58 32
58 34
58 35
58 36
58 48
58 65
58 69
58 93
58 98
58 99
59 3
59 4
59 6
59 9
59 22
59 25
59 37
59 39
59 42
59 43
59 49
59 53
59 55
59 65
59 67
59 71
59 74
59 77
59 82
59 97
59 100
60 2
60 3
60 6
60 16
60 17
60 18
60 24
60 34
60 39
60 43
60 53
60 57
60 61
60 76
60 89
61 15
61 17
61 18
61 21
61 22
61 28
61 32
61 38
61 42
61 43
61 51
61 52
61 54
61 62
61 75
61 88
61 90
61 94
61 95
61 96
61 98
61 99
61 100
62 8
62 11
62 16
62 22
62 26
62 31
62 32
62 34
62 35
62 57
62 59
62 60
62 68
62 76
62 80
62 81
62 86
62 89
62 92
62 94
62 95
62 96
63 16
63 17
63 18
63 22
63 27
63 30
63 50
63 53
63 54
63 56
63 61
63 64
63 65
63 67
63 70
63 73
63 82
63 93
63 96
64 2
64 6
64 7
64 13
64 16
64 17
64 28
64 41
64 42
64 45
64 48
64 54
64 56
64 58
64 62
64 73
64 74
64 75
64 78
64 93
64 96
65 10
65 18
65 20
65 21
65 27
65 37
65 41
65 48
65 49
65 55
65 68
65 69
65 70
65 86
65 90
65 93
66 8
66 9
66 15
66 23
66 35
66 49
66 57
66 62
66 65
66 69
66 70
66 74
66 78
66 79
66 80
66 81
66 83
66 85
66 86
66 93
66 98
66 100
67 2
67 15
67 18
67 22
67 31
67 35
67 38
67 41
67 45
67 49
67 50
67 52
67 54
67 56
67 60
67 62
67 70
67 71
67 79
67 84
67 88
67 89
67 94
68 1
68 7
68 11
68 18
68 24
68 26
68 30
68 33
68 39
68 47
68 49
68 62
68 63
68 67
68 71
68 87
68 92
69 5
69 6
69 8
69 18
69 25
69 29
69 30
69 32
69 33
69 34
69 35
69 38
69 42
69 46
69 55
69 56
69 57
69 59
69 61
69 62
69 64
69 65
69 68
69 74
69 77
69 83
69 85
69 86
69 95
70 1
70 3
70 8
70 23
70 31
70 35
70 42
70 45
70 49
70 51
70 53
70 59
70 60
70 61
70 66
70 73
70 75
70 84
70 92
70 93
70 94
70 95
70 96
71 12
71 16
71 19
71 22
71 34
71 47
71 58
71 76
71 78
71 88
71 89
72 2
72 11
72 15
72 16
72 21
72 24
72 27
72 28
72 35
72 37
72 52
72 55
72 62
72 64
72 66
72 67
72 74
72 78
72 88
72 92
73 2
73 4
73 6
73 8
73 14
73 15
73 16
73 22
73 23
73 29
73 34
73 46
73 61
73 68
73 70
73 77
73 96
73 97
74 6
74 7
74 10
74 11
74 18
74 27
74 28
74 29
74 30
74 40
74 50
74 59
74 69
74 76
74 77
74 78
74 81
74 83
74 86
74 87
74 95
74 100
75 4
75 13
75 20
75 21
75 23
75 39
75 41
75 45
75 47
75 50
75 51
75 53
75 68
75 74
75 78
75 85
75 88
75 90
75 93
75 94
75 97
75 98
76 3
76 5
76 7
76 11
76 14
76 17
76 18
76 24
76 28
76 30
76 31
76 35
76 44
76 45
76 46
76 47
76 48
76 53
76 63
76 64
76 66
76 74
76 77
76 79
76 82
76 85
76 87
76 99
77 5
77 8
77 10
77 11
77 18
77 20
77 22
77 24
77 29
77 32
77 37
77 39
77 47
77 56
77 61
77 68
77 71
77 72
77 88
77 95
77 100
78 1
78 8
78 13
78 14
78 19
78 23
78 33
78 36
78 47
78 50
78 55
78 60
78 61
78 62
78 72
78 94
78 97
78 98
78 99
78 100
79 2
79 14
79 18
79 27
79 33
79 37
79 40
79 44
79 45
79 56
79 57
79 58
79 66
79 67
79 69
79 86
79 97
79 99
80 1
80 4
80 13
80 15
80 20
80 24
80 28
80 29
80 32
80 49
80 52
80 56
80 57
80 59
80 74
80 81
80 82
80 92
81 1
81 3
81 4
81 5
81 10
81 19
81 26
81 32
81 35
81 39
81 48
81 49
81 58
81 78
81 83
81 85
81 89
82 7
82 15
82 16
82 17
82 19
82 20
82 23
82 24
82 26
82 34
82 50
82 69
82 78
82 79
82 80
82 81
82 84
83 2
83 11
83 14
83 28
83 29
83 30
83 33
83 35
83 40
83 42
83 49
83 55
83 59
83 69
83 71
83 74
83 75
83 76
83 77
83 79
83 96
84 4
84 5
84 18
84 34
84 37
84 38
84 42
84 43
84 44
84 48
84 53
84 55
84 63
84 70
84 78
84 80
84 86
84 87
84 88
85 7
85 18
85 23
85 29
85 30
85 37
85 39
85 42
85 46
85 52
85 53
85 54
85 56
85 57
85 63
85 73
85 80
85 81
85 91
85 96
85 99
86 9
86 23
86 26
86 32
86 33
86 51
86 54
86 65
86 72
86 76
86 88
86 90
87 1
87 6
87 10
87 18
87 19
87 20
87 21
87 22
87 28
87 32
87 35
87 43
87 47
87 55
87 62
87 64
87 68
87 79
87 81
87 85
87 95
87 96
87 97
87 98
88 5
88 15
88 20
88 23
88 28
88 30
88 33
88 38
88 41
88 53
88 58
88 59
88 61
88 66
88 67
88 76
88 78
88 81
88 83
88 85
89 9
89 20
89 28
89 29
89 35
89 39
89 57
89 58
89 62
89 64
89 70
89 75
89 77
89 78
89 80
89 81
89 84
89 95
89 96
90 3
90 4
90 9
90 16
90 19
90 40
90 47
90 50
90 51
90 56
90 57
90 60
90 63
90 64
90 69
90 71
90 73
90 76
90 79
90 82
90 86
90 92
90 96
90 99
91 5
91 7
91 9
91 18
91 19
91 20
91 39
91 43
91 60
91 68
91 69
91 70
91 82
91 85
91 86
91 96
91 98
91 99
92 3
92 15
92 17
92 20
92 21
92 23
92 28
92 31
92 33
92 34
92 41
92 57
92 58
92 59
92 60
92 73
92 76
92 80
92 87
93 3
93 12
93 17
93 20
93 23
93 28
93 30
93 31
93 36
93 40
93 42
93 43
93 48
93 58
93 65
93 72
93 75
93 81
93 88
93 90
93 96
94 14
94 15
94 16
94 22
94 23
94 25
94 36
94 43
94 49
94 69
94 71
95 7
95 10
95 14
95 17
95 18
95 22
95 26
95 34
95 36
95 56
95 59
95 87
95 89
95 100
96 4
96 7
96 9
96 17
96 19
96 23
96 37
96 44
96 54
96 56
96 57
96 62
96 69
96 71
96 81
96 83
96 84
96 86
97 3
97 12
97 16
97 39
97 43
97 52
97 58
97 68
97 77
97 82
97 87
97 94
98 5
98 6
98 10
98 22
98 25
98 32
98 33
98 36
98 52
98 53
98 55
98 62
98 71
98 72
98 82
98 83
98 87
98 95
99 5
99 11
99 12
99 13
99 28
99 38
99 39
99 42
99 46
99 47
99 49
99 50
99 53
99 60
99 62
99 70
99 80
99 85
99 89
99 90
99 94
99 95
99 100
100 6
100 16
100 31
100 32
100 33
100 35
100 38
100 40
100 63
100 65
100 69
100 81
100 85
100 86
100 91
;
param C :=
1 9 2
1 13 2
1 18 2
1 19 2
1 25 2
1 41 2
1 42 2
1 46 2
1 49 2
1 50 2
1 51 2
1 59 2
1 61 2
1 63 2
1 74 2
1 77 2
1 78 2
1 87 2
1 93 2
1 98 2
2 3 2
2 8 2
2 9 2
2 10 2
2 12 2
2 14 2
2 27 2
2 28 2
2 29 2
2 46 2
2 49 2
2 53 2
2 54 2
2 57 2
2 60 2
2 63 2
2 68 2
2 71 2
2 75 2
2 83 2
2 95 2
3 7 2
3 10 2
3 14 2
3 16 2
3 22 2
3 23 2
3 27 2
3 28 2
3 29 2
3 32 2
3 34 2
3 39 2
3 42 2
3 43 2
3 47 2
3 49 2
3 50 2
3 57 2
3 61 2
3 63 2
3 68 2
3 74 2
3 81 2
3 84 2
3 85 2
3 86 2
3 87 2
3 88 2
3 89 2
3 100 2
4 1 2
4 7 2
4 11 2
4 12 2
4 17 2
4 18 2
4 21 2
4 25 2
4 27 2
4 30 2
4 42 2
4 50 2
4 53 2
4 66 2
4 70 2
4 71 2
4 75 2
4 77 2
4 81 2
4 86 2
4 93 2
4 96 2
4 100 2
5 4 2
5 6 2
5 7 2
5 28 2
5 29 2
5 32 2
5 35 2
5 40 2
5 41 2
5 51 2
5 55 2
5 57 2
5 75 2
5 76 2
5 77 2
5 79 2
5 80 2
5 83 2
5 86 2
5 87 2
5 90 2
6 9 2
6 20 2
6 21 2
6 23 2
6 32 2
6 40 2
6 41 2
6 47 2
6 54 2
6 63 2
6 71 2
6 85 2
6 86 2
6 89 2
6 91 2
6 97 2
6 100 2
7 8 2
7 10 2
7 11 2
7 17 2
7 19 2
7 26 2
7 34 2
7 35 2
7 38 2
7 40 2
7 52 2
7 54 2
7 55 2
7 57 2
7 58 2
7 74 2
7 78 2
7 80 2
7 99 2
8 10 2
8 13 2
8 15 2
8 19 2
8 22 2
8 24 2
8 25 2
8 29 2
8 39 2
8 41 2
8 45 2
8 55 2
8 58 2
8 69 2
8 78 2
8 83 2
8 87 2
8 90 2
8 91 2
8 92 2
8 95 2
8 96 2
8 100 2
9 5 2
9 12 2
9 14 2
9 17 2
9 19 2
9 26 2
9 27 2
9 32 2
9 33 2
9 35 2
9 44 2
9 54 2
9 55 2
9 67 2
9 70 2
9 75 2
9 77 2
9 79 2
9 82 2
9 89 2
9 96 2
9 98 2
10 1 2
10 2 2
10 7 2
10 21 2
10 22 2
10 23 2
10 24 2
10 27 2
10 30 2
10 33 2
10 38 2
10 41 2
10 46 2
10 49 2
10 56 2
10 58 2
10 65 2
10 71 2
10 90 2
10 94 2
11 1 2
11 3 2
11 6 2
11 14 2
11 31 2
11 37 2
11 48 2
11 53 2
11 56 2
11 72 2
11 73 2
11 82 2
11 83 2
11 87 2
11 88 2
11 90 2
11 93 2
11 95 2
11 98 2
11 100 2
12 13 2
12 17 2
12 25 2
12 29 2
12 35 2
12 51 2
12 53 2
12 55 2
12 56 2
12 60 2
12 61 2
12 62 2
12 72 2
12 73 2
12 77 2
13 4 2
13 9 2
13 11 2
13 16 2
13 22 2
13 31 2
13 47 2
13 49 2
13 54 2
13 57 2
13 62 2
13 69 2
13 70 2
13 79 2
13 98 2
14 1 2
14 5 2
14 8 2
14 10 2
14 12 2
14 13 2
14 17 2
14 20 2
14 24 2
14 25 2
14 29 2
14 30 2
14 35 2
14 41 2
14 42 2
14 43 2
14 45 2
14 54 2
14 57 2
14 67 2
14 70 2
14 72 2
14 74 2
14 78 2
14 88 2
14 91 2
14 92 2
14 96 2
14 97 2
15 6 2
15 10 2
15 31 2
15 34 2
15 40 2
15 41 2
15 47 2
15 55 2
15 62 2
15 71 2
15 82 2
15 85 2
15 96 2
15 97 2
15 99 2
16 2 2
16 15 2
16 25 2
16 27 2
16 39 2
16 43 2
16 46 2
16 51 2
16 64 2
16 68 2
16 79 2
16 83 2
16 87 2
16 90 2
16 93 2
17 1 2
17 5 2
17 12 2
17 21 2
17 23 2
17 27 2
17 29 2
17 30 2
17 38 2
17 47 2
17 48 2
17 49 2
17 51 2
17 53 2
17 54 2
17 59 2
17 66 2
17 69 2
17 71 2
17 77 2
17 80 2
17 86 2
17 89 2
17 90 2
17 95 2
17 96 2
17 100 2
18 1 2
18 6 2
18 12 2
18 21 2
18 23 2
18 24 2
18 29 2
18 30 2
18 33 2
18 38 2
18 43 2
18 46 2
18 59 2
18 60 2
18 62 2
18 63 2
18 70 2
18 76 2
18 82 2
18 83 2
18 97 2
18 100 2
19 4 2
19 14 2
19 16 2
19 24 2
19 30 2
19 33 2
19 34 2
19 39 2
19 47 2
19 52 2
19 63 2
19 65 2
19 71 2
19 75 2
19 80 2
19 82 2
19 87 2
19 89 2
19 92 2
19 94 2
19 96 2
20 3 2
20 14 2
20 21 2
20 25 2
20 27 2
20 35 2
20 36 2
20 37 2
20 55 2
20 58 2
20 60 2
20 62 2
20 64 2
20 79 2
20 80 2
20 89 2
20 92 2
20 93 2
20 99 2
21 2 2
21 6 2
21 10 2
21 24 2
21 26 2
21 30 2
21 38 2
21 41 2
21 55 2
21 58 2
21 60 2
21 64 2
21 72 2
21 78 2
21 80 2
21 88 2
21 91 2
21 96 2
21 97 2
21 99 2
22 7 2
22 14 2
22 21 2
22 28 2
22 34 2
22 41 2
22 45 2
22 48 2
22 57 2
22 58 2
22 60 2
22 61 2
22 64 2
22 66 2
22 73 2
22 74 2
22 76 2
22 81 2
22 93 2
23 1 2
23 2 2
23 7 2
23 10 2
23 20 2
23 27 2
23 29 2
23 37 2
23 38 2
23 42 2
23 52 2
23 55 2
23 58 2
23 66 2
23 69 2
23 70 2
23 79 2
24 8 2
24 17 2
24 19 2
24 20 2
24 25 2
24 26 2
24 29 2
24 32 2
24 35 2
24 38 2
24 45 2
24 47 2
24 52 2
24 54 2
24 56 2
24 77 2
24 80 2
24 85 2
24 88 2
25 4 2
25 6 2
25 11 2
25 12 2
25 17 2
25 21 2
25 22 2
25 29 2
25 35 2
25 40 2
25 46 2
25 52 2
25 62 2
25 69 2
25 79 2
25 80 2
25 82 2
25 83 2
25 90 2
25 91 2
26 4 2
26 9 2
26 16 2
26 22 2
26 45 2
26 47 2
26 50 2
26 55 2
26 57 2
26 59 2
26 74 2
26 76 2
26 78 2
26 85 2
26 86 2
26 87 2
27 16 2
27 24 2
27 29 2
27 35 2
27 36 2
27 37 2
27 38 2
27 46 2
27 47 2
27 56 2
27 59 2
27 60 2
27 63 2
27 73 2
27 74 2
27 80 2
27 82 2
27 83 2
27 98 2
27 100 2
28 2 2
28 5 2
28 12 2
28 13 2
28 23 2
28 24 2
28 30 2
28 37 2
28 40 2
28 43 2
28 51 2
28 62 2
28 65 2
28 68 2
28 73 2
28 75 2
28 85 2
28 87 2
28 96 2
29 2 2
29 3 2
29 5 2
29 8 2
29 15 2
29 16 2
29 20 2
29 24 2
29 31 2
29 40 2
29 42 2
29 48 2
29 55 2
29 72 2
29 75 2
29 77 2
29 78 2
29 79 2
29 81 2
29 83 2
29 86 2
29 95 2
30 4 2
30 20 2
30 32 2
30 42 2
30 50 2
30 52 2
30 54 2
30 56 2
30 60 2
30 68 2
30 69 2
30 71 2
30 75 2
30 78 2
30 81 2
30 83 2
30 85 2
30 89 2
31 6 2
31 17 2
31 39 2
31 41 2
31 44 2
31 47 2
31 51 2
31 52 2
31 55 2
31 63 2
31 64 2
31 65 2
31 69 2
31 73 2
31 78 2
31 80 2
31 96 2
32 2 2
32 12 2
32 24 2
32 27 2
32 29 2
32 46 2
32 47 2
32 49 2
32 50 2
32 54 2
32 59 2
32 62 2
32 72 2
32 77 2
32 82 2
32 84 2
32 94 2
32 100 2
33 2 2
33 7 2
33 11 2
33 13 2
33 14 2
33 16 2
33 25 2
33 26 2
33 37 2
33 41 2
33 50 2
33 52 2
33 55 2
33 57 2
33 58 2
33 62 2
33 71 2
33 73 2
33 75 2
33 85 2
33 90 2
33 94 2
33 99 2
34 1 2
34 3 2
34 19 2
34 21 2
34 25 2
34 27 2
34 39 2
34 43 2
34 50 2
34 53 2
34 61 2
34 76 2
34 87 2
34 94 2
35 2 2
35 4 2
35 6 2
35 7 2
35 8 2
35 11 2
35 14 2
35 16 2
35 19 2
35 33 2
35 34 2
35 36 2
35 37 2
35 61 2
35 66 2
35 71 2
35 73 2
35 78 2
35 82 2
35 85 2
35 90 2
35 94 2
35 96 2
35 97 2
36 3 2
36 5 2
36 6 2
36 7 2
36 8 2
36 26 2
36 32 2
36 45 2
36 48 2
36 50 2
36 51 2
36 53 2
36 56 2
36 65 2
36 76 2
36 87 2
36 89 2
36 91 2
37 2 2
37 5 2
37 6 2
37 31 2
37 38 2
37 42 2
37 43 2
37 45 2
37 50 2
37 51 2
37 53 2
37 55 2
37 56 2
37 61 2
37 74 2
37 78 2
37 80 2
37 81 2
37 82 2
37 83 2
37 87 2
37 99 2
38 3 2
38 7 2
38 8 2
38 16 2
38 17 2
38 22 2
38 25 2
38 33 2
38 34 2
38 41 2
38 46 2
38 47 2
38 52 2
38 54 2
38 55 2
38 60 2
38 66 2
38 75 2
38 91 2
38 100 2
39 2 2
39 3 2
39 12 2
39 14 2
39 29 2
39 35 2
39 36 2
39 45 2
39 51 2
39 53 2
39 54 2
39 58 2
39 63 2
39 67 2
39 70 2
39 82 2
39 91 2
39 92 2
39 94 2
39 98 2
40 3 2
40 6 2
40 9 2
40 23 2
40 25 2
40 26 2
40 43 2
40 52 2
40 56 2
40 58 2
40 60 2
40 62 2
40 63 2
40 72 2
40 73 2
40 76 2
40 77 2
40 79 2
40 83 2
40 84 2
41 9 2
41 12 2
41 13 2
41 37 2
41 46 2
41 65 2
41 66 2
41 69 2
41 70 2
41 73 2
41 74 2
41 75 2
41 79 2
41 86 2
41 90 2
41 92 2
41 97 2
41 99 2
41 100 2
42 4 2
42 10 2
42 12 2
42 14 2
42 25 2
42 29 2
42 36 2
42 53 2
42 55 2
42 58 2
42 59 2
42 61 2
42 64 2
42 88 2
42 94 2
42 96 2
42 97 2
43 10 2
43 23 2
43 24 2
43 26 2
43 32 2
43 35 2
43 37 2
43 38 2
43 41 2
43 63 2
43 74 2
43 75 2
43 89 2
43 96 2
43 99 2
43 100 2
44 2 2
44 24 2
44 27 2
44 29 2
44 45 2
44 52 2
44 53 2
44 55 2
44 56 2
44 57 2
44 58 2
44 78 2
44 83 2
44 89 2
44 92 2
44 93 2
44 95 2
45 5 2
45 11 2
45 12 2
45 20 2
45 21 2
45 23 2
45 26 2
45 32 2
45 36 2
45 43 2
45 48 2
45 53 2
45 59 2
45 68 2
45 79 2
45 81 2
45 82 2
45 97 2
46 7 2
46 8 2
46 11 2
46 20 2
46 31 2
46 35 2
46 37 2
46 44 2
46 45 2
46 53 2
46 54 2
46 55 2
46 57 2
46 58 2
46 60 2
46 69 2
46 86 2
46 91 2
46 93 2
47 1 2
47 14 2
47 16 2
47 23 2
47 27 2
47 35 2
47 55 2
47 60 2
47 76 2
47 80 2
47 94 2
48 2 2
48 10 2
48 14 2
48 19 2
48 20 2
48 26 2
48 29 2
48 33 2
48 41 2
48 44 2
48 46 2
48 56 2
48 68 2
48 74 2
48 87 2
48 93 2
48 95 2
49 4 2
49 5 2
49 6 2
49 7 2
49 11 2
49 14 2
49 16 2
49 18 2
49 22 2
49 29 2
49 31 2
49 36 2
49 39 2
49 44 2
49 45 2
49 47 2
49 51 2
49 64 2
49 77 2
49 80 2
49 81 2
50 14 2
50 15 2
50 20 2
50 29 2
50 40 2
50 51 2
50 55 2
50 56 2
50 57 2
50 59 2
50 60 2
50 64 2
50 67 2
50 72 2
50 74 2
50 77 2
50 81 2
50 89 2
50 94 2
50 95 2
51 1 2
51 4 2
51 7 2
51 9 2
51 15 2
51 16 2
51 24 2
51 26 2
51 33 2
51 37 2
51 38 2
51 46 2
51 48 2
51 52 2
51 63 2
51 64 2
51 73 2
51 81 2
51 82 2
51 86 2
51 89 2
51 92 2
51 97 2
52 6 2
52 15 2
52 20 2
52 24 2
52 30 2
52 33 2
52 34 2
52 36 2
52 42 2
52 45 2
52 49 2
52 51 2
52 54 2
52 55 2
52 57 2
52 68 2
52 85 2
52 87 2
52 91 2
52 93 2
52 97 2
53 5 2
53 11 2
53 12 2
53 13 2
53 15 2
53 23 2
53 24 2
53 35 2
53 38 2
53 43 2
53 47 2
53 51 2
53 57 2
53 67 2
53 74 2
53 82 2
53 87 2
54 5 2
54 8 2
54 10 2
54 24 2
54 25 2
54 40 2
54 49 2
54 55 2
54 59 2
54 62 2
54 63 2
54 79 2
54 81 2
54 82 2
54 85 2
54 89 2
54 91 2
55 3 2
55 24 2
55 26 2
55 30 2
55 37 2
55 39 2
55 45 2
55 46 2
55 48 2
55 54 2
55 63 2
55 66 2
55 67 2
55 71 2
55 73 2
55 74 2
55 77 2
55 79 2
55 81 2
55 83 2
55 92 2
56 8 2
56 12 2
56 15 2
56 16 2
56 34 2
56 38 2
56 41 2
56 45 2
56 52 2
56 63 2
56 67 2
56 82 2
56 89 2
56 90 2
56 97 2
56 99 2
57 12 2
57 15 2
57 34 2
57 35 2
57 43 2
57 52 2
57 63 2
57 66 2
57 72 2
57 75 2
57 89 2
57 90 2
57 93 2
57 94 2
57 97 2
57 99 2
58 5 2
58 7 2
58 13 2
58 18 2
58 19 2
58 24 2
58 26 2
58 29 2
58 30 2
58 32 2
58 34 2
58 35 2
58 36 2
58 48 2
58 65 2
58 69 2
58 93 2
58 98 2
58 99 2
59 3 2
59 4 2
59 6 2
59 9 2
59 22 2
59 25 2
59 37 2
59 39 2
59 42 2
59 43 2
59 49 2
59 53 2
59 55 2
59 65 2
59 67 2
59 71 2
59 74 2
59 77 2
59 82 2
59 97 2
59 100 2
60 2 2
60 3 2
60 6 2
60 16 2
60 17 2
60 18 2
60 24 2
60 34 2
60 39 2
60 43 2
60 53 2
60 57 2
60 61 2
60 76 2
60 89 2
61 15 2
61 17 2
61 18 2
61 21 2
61 22 2
61 28 2
61 32 2
61 38 2
61 42 2
61 43 2
61 51 2
61 52 2
61 54 2
61 62 2
61 75 2
61 88 2
61 90 2
61 94 2
61 95 2
61 96 2
61 98 2
61 99 2
61 100 2
62 8 2
62 11 2
62 16 2
62 22 2
62 26 2
62 31 2
62 32 2
62 34 2
62 35 2
62 57 2
62 59 2
62 60 2
62 68 2
62 76 2
62 80 2
62 81 2
62 86 2
62 89 2
62 92 2
62 94 2
62 95 2
62 96 2
63 16 2
63 17 2
63 18 2
63 22 2
63 27 2
63 30 2
63 50 2
63 53 2
63 54 2
63 56 2
63 61 2
63 64 2
63 65 2
63 67 2
63 70 2
63 73 2
63 82 2
63 93 2
63 96 2
64 2 2
64 6 2
64 7 2
64 13 2
64 16 2
64 17 2
64 28 2
64 41 2
64 42 2
64 45 2
64 48 2
64 54 2
64 56 2
64 58 2
64 62 2
64 73 2
64 74 2
64 75 2
64 78 2
64 93 2
64 96 2
65 10 2
65 18 2
65 20 2
65 21 2
65 27 2
65 37 2
65 41 2
65 48 2
65 49 2
65 55 2
65 68 2
65 69 2
65 70 2
65 86 2
65 90 2
65 93 2
66 8 2
66 9 2
66 15 2
66 23 2
66 35 2
66 49 2
66 57 2
66 62 2
66 65 2
66 69 2
66 70 2
66 74 2
66 78 2
66 79 2
66 80 2
66 81 2
66 83 2
66 85 2
66 86 2
66 93 2
66 98 2
66 100 2
67 2 2
67 15 2
67 18 2
67 22 2
67 31 2
67 35 2
67 38 2
67 41 2
67 45 2
67 49 2
67 50 2
67 52 2
67 54 2
67 56 2
67 60 2
67 62 2
67 70 2
67 71 2
67 79 2
67 84 2
67 88 2
67 89 2
67 94 2
68 1 2
68 7 2
68 11 2
68 18 2
68 24 2
68 26 2
68 30 2
68 33 2
68 39 2
68 47 2
68 49 2
68 62 2
68 63 2
68 67 2
68 71 2
68 87 2
68 92 2
69 5 2
69 6 2
69 8 2
69 18 2
69 25 2
69 29 2
69 30 2
69 32 2
69 33 2
69 34 2
69 35 2
69 38 2
69 42 2
69 46 2
69 55 2
69 56 2
69 57 2
69 59 2
69 61 2
69 62 2
69 64 2
69 65 2
69 68 2
69 74 2
69 77 2
69 83 2
69 85 2
69 86 2
69 95 2
70 1 2
70 3 2
70 8 2
70 23 2
70 31 2
70 35 2
70 42 2
70 45 2
70 49 2
70 51 2
70 53 2
70 59 2
70 60 2
70 61 2
70 66 2
70 73 2
70 75 2
70 84 2
70 92 2
70 93 2
70 94 2
70 95 2
70 96 2
71 12 2
71 16 2
71 19 2
71 22 2
71 34 2
71 47 2
71 58 2
71 76 2
71 78 2
71 88 2
71 89 2
72 2 2
72 11 2
72 15 2
72 16 2
72 21 2
72 24 2
72 27 2
72 28 2
72 35 2
72 37 2
72 52 2
72 55 2
72 62 2
72 64 2
72 66 2
72 67 2
72 74 2
72 78 2
72 88 2
72 92 2
73 2 2
73 4 2
73 6 2
73 8 2
73 14 2
73 15 2
73 16 2
73 22 2
73 23 2
73 29 2
73 34 2
73 46 2
73 61 2
73 68 2
73 70 2
73 77 2
73 96 2
73 97 2
74 6 2
74 7 2
74 10 2
74 11 2
74 18 2
74 27 2
74 28 2
74 29 2
74 30 2
74 40 2
74 50 2
74 59 2
74 69 2
74 76 2
74 77 2
74 78 2
74 81 2
74 83 2
74 86 2
74 87 2
74 95 2
74 100 2
75 4 2
75 13 2
75 20 2
75 21 2
75 23 2
75 39 2
75 41 2
75 45 2
75 47 2
75 50 2
75 51 2
75 53 2
75 68 2
75 74 2
75 78 2
75 85 2
75 88 2
75 90 2
75 93 2
75 94 2
75 97 2
75 98 2
76 3 2
76 5 2
76 7 2
76 11 2
76 14 2
76 17 2
76 18 2
76 24 2
76 28 2
76 30 2
76 31 2
76 35 2
76 44 2
76 45 2
76 46 2
76 47 2
76 48 2
76 53 2
76 63 2
76 64 2
76 66 2
76 74 2
76 77 2
76 79 2
76 82 2
76 85 2
76 87 2
76 99 2
77 5 2
77 8 2
77 10 2
77 11 2
77 18 2
77 20 2
77 22 2
77 24 2
77 29 2
77 32 2
77 37 2
77 39 2
77 47 2
77 56 2
77 61 2
77 68 2
77 71 2
77 72 2
77 88 2
77 95 2
77 100 2
78 1 2
78 8 2
78 13 2
78 14 2
78 19 2
78 23 2
78 33 2
78 36 2
78 47 2
78 50 2
78 55 2
78 60 2
78 61 2
78 62 2
78 72 2
78 94 2
78 97 2
78 98 2
78 99 2
78 100 2
79 2 2
79 14 2
79 18 2
79 27 2
79 33 2
79 37 2
79 40 2
79 44 2
79 45 2
79 56 2
79 57 2
79 58 2
79 66 2
79 67 2
79 69 2
79 86 2
79 97 2
79 99 2
80 1 2
80 4 2
80 13 2
80 15 2
80 20 2
80 24 2
80 28 2
80 29 2
80 32 2
80 49 2
80 52 2
80 56 2
80 57 2
80 59 2
80 74 2
80 81 2
80 82 2
80 92 2
81 1 2
81 3 2
81 4 2
81 5 2
81 10 2
81 19 2
81 26 2
81 32 2
81 35 2
81 39 2
81 48 2
81 49 2
81 58 2
81 78 2
81 83 2
81 85 2
81 89 2
82 7 2
82 15 2
82 16 2
82 17 2
82 19 2
82 20 2
82 23 2
82 24 2
82 26 2
82 34 2
82 50 2
82 69 2
82 78 2
82 79 2
82 80 2
82 81 2
82 84 2
83 2 2
83 11 2
83 14 2
83 28 2
83 29 2
83 30 2
83 33 2
83 35 2
83 40 2
83 42 2
83 49 2
83 55 2
83 59 2
83 69 2
83 71 2
83 74 2
83 75 2
83 76 2
83 77 2
83 79 2
83 96 2
84 4 2
84 5 2
84 18 2
84 34 2
84 37 2
84 38 2
84 42 2
84 43 2
84 44 2
84 48 2
84 53 2
84 55 2
84 63 2
84 70 2
84 78 2
84 80 2
84 86 2
84 87 2
84 88 2
85 7 2
85 18 2
85 23 2
85 29 2
85 30 2
85 37 2
85 39 2
85 42 2
85 46 2
85 52 2
85 53 2
85 54 2
85 56 2
85 57 2
85 63 2
85 73 2
85 80 2
85 81 2
85 91 2
85 96 2
85 99 2
86 9 2
86 23 2
86 26 2
86 32 2
86 33 2
86 51 2
86 54 2
86 65 2
86 72 2
86 76 2
86 88 2
86 90 2
87 1 2
87 6 2
87 10 2
87 18 2
87 19 2
87 20 2
87 21 2
87 22 2
87 28 2
87 32 2
87 35 2
87 43 2
87 47 2
87 55 2
87 62 2
87 64 2
87 68 2
87 79 2
87 81 2
87 85 2
87 95 2
87 96 2
87 97 2
87 98 2
88 5 2
88 15 2
88 20 2
88 23 2
88 28 2
88 30 2
88 33 2
88 38 2
88 41 2
88 53 2
88 58 2
88 59 2
88 61 2
88 66 2
88 67 2
88 76 2
88 78 2
88 81 2
88 83 2
88 85 2
89 9 2
89 20 2
89 28 2
89 29 2
89 35 2
89 39 2
89 57 2
89 58 2
89 62 2
89 64 2
89 70 2
89 75 2
89 77 2
89 78 2
89 80 2
89 81 2
89 84 2
89 95 2
89 96 2
90 3 2
90 4 2
90 9 2
90 16 2
90 19 2
90 40 2
90 47 2
90 50 2
90 51 2
90 56 2
90 57 2
90 60 2
90 63 2
90 64 2
90 69 2
90 71 2
90 73 2
90 76 2
90 79 2
90 82 2
90 86 2
90 92 2
90 96 2
90 99 2
91 5 2
91 7 2
91 9 2
91 18 2
91 19 2
91 20 2
91 39 2
91 43 2
91 60 2
91 68 2
91 69 2
91 70 2
91 82 2
91 85 2
91 86 2
91 96 2
91 98 2
91 99 2
92 3 2
92 15 2
92 17 2
92 20 2
92 21 2
92 23 2
92 28 2
92 31 2
92 33 2
92 34 2
92 41 2
92 57 2
92 58 2
92 59 2
92 60 2
92 73 2
92 76 2
92 80 2
92 87 2
93 3 2
93 12 2
93 17 2
93 20 2
93 23 2
93 28 2
93 30 2
93 31 2
93 36 2
93 40 2
93 42 2
93 43 2
93 48 2
93 58 2
93 65 2
93 72 2
93 75 2
93 81 2
93 88 2
93 90 2
93 96 2
94 14 2
94 15 2
94 16 2
94 22 2
94 23 2
94 25 2
94 36 2
94 43 2
94 49 2
94 69 2
94 71 2
95 7 2
95 10 2
95 14 2
95 17 2
95 18 2
95 22 2
95 26 2
95 34 2
95 36 2
95 56 2
95 59 2
95 87 2
95 89 2
95 100 2
96 4 2
96 7 2
96 9 2
96 17 2
96 19 2
96 23 2
96 37 2
96 44 2
96 54 2
96 56 2
96 57 2
96 62 2
96 69 2
96 71 2
96 81 2
96 83 2
96 84 2
96 86 2
97 3 2
97 12 2
97 16 2
97 39 2
97 43 2
97 52 2
97 58 2
97 68 2
97 77 2
97 82 2
97 87 2
97 94 2
98 5 2
98 6 2
98 10 2
98 22 2
98 25 2
98 32 2
98 33 2
98 36 2
98 52 2
98 53 2
98 55 2
98 62 2
98 71 2
98 72 2
98 82 2
98 83 2
98 87 2
98 95 2
99 5 2
99 11 2
99 12 2
99 13 2
99 28 2
99 38 2
99 39 2
99 42 2
99 46 2
99 47 2
99 49 2
99 50 2
99 53 2
99 60 2
99 62 2
99 70 2
99 80 2
99 85 2
99 89 2
99 90 2
99 94 2
99 95 2
99 100 2
100 6 2
100 16 2
100 31 2
100 32 2
100 33 2
100 35 2
100 38 2
100 40 2
100 63 2
100 65 2
100 69 2
100 81 2
100 85 2
100 86 2
100 91 2
;
param origin := 36;
param dest :=98;
#
# These 2 parameters are the values of b and p of the paper
param default_p :=0.5;
param default_b :=1.0;
#
#
param no_functions := 10;
param q := 
1 0.1
2 0.1
3 0.1
4 0.1
5 0.1
6 0.1
7 0.1
8 0.1
9 0.1
10 0.1
;
param P := 
1 1
2 1
3 1
4 1
5 1
6 1
7 1
8 1
9 1
10 1
11 1
12 1
13 1
14 1
15 1
16 1
17 1
18 1
19 1
20 1
21 1
22 1
23 1
24 1
25 1
26 1
27 1
28 1
29 1
30 1
31 1
32 1
33 1
34 1
35 1
36 1
37 1
38 1
39 1
40 1
41 1
42 1
43 1
44 1
45 1
46 1
47 1
48 1
49 1
50 1
51 1
52 1
53 1
54 1
55 1
56 1
57 1
58 1
59 1
60 1
61 1
62 1
63 1
64 1
65 1
66 1
67 1
68 1
69 1
70 1
71 1
72 1
73 1
74 1
75 1
76 1
77 1
78 1
79 1
80 1
81 1
82 1
83 1
84 1
85 1
86 1
87 1
88 1
89 1
90 1
91 1
92 1
93 1
94 1
95 1
96 1
97 1
98 1
99 1
100 1
;
#
#  This is the incidence matrix for functions and nodes 
#  f_nodes[i,k] = 1 if node i contains function k 
#  Only the elements with value 1 need be given.
#
param: f_nodes :=
1 2 1
1 4 1
1 7 1
2 4 1
3 5 1
4 10 1
6 4 1
6 9 1
7 4 1
7 8 1
8 8 1
12 3 1
13 9 1
14 5 1
14 9 1
15 10 1
16 7 1
18 4 1
19 1 1
19 5 1
21 3 1
22 1 1
23 7 1
24 7 1
25 3 1
27 2 1
27 9 1
30 5 1
31 1 1
31 7 1
32 5 1
33 2 1
34 2 1
34 9 1
36 8 1
37 3 1
39 3 1
39 8 1
40 10 1
41 7 1
43 6 1
44 1 1
44 2 1
44 7 1
46 9 1
46 10 1
47 8 1
48 1 1
49 3 1
49 8 1
50 3 1
52 8 1
53 4 1
56 1 1
56 6 1
57 4 1
57 7 1
58 6 1
61 1 1
62 7 1
63 10 1
65 5 1
66 2 1
67 3 1
69 1 1
70 5 1
71 5 1
74 2 1
74 8 1
75 1 1
77 6 1
80 5 1
81 4 1
81 9 1
82 8 1
82 9 1
83 10 1
84 3 1
87 4 1
87 6 1
88 2 1
89 6 1
89 9 1
91 2 1
92 10 1
93 10 1
94 6 1
94 7 1
95 9 1
95 10 1
96 6 1
97 3 1
97 6 1
97 8 1
98 5 1
98 6 1
98 10 1
100 1 1
100 2 1
100 4 1
;