#
# Test data
#
param p_no_nodes :=105;
set p_links := 
1 9
1 13
1 18
1 19
1 25
1 41
1 42
1 46
1 49
1 50
1 51
1 59
1 61
1 63
1 74
1 77
1 78
1 87
1 93
1 98
1 101
2 3
2 4
2 5
2 7
2 9
2 22
2 23
2 24
2 41
2 44
2 48
2 49
2 52
2 55
2 58
2 63
2 66
2 70
2 78
2 90
2 99
2 102
3 4
3 6
3 12
3 13
3 17
3 18
3 19
3 22
3 24
3 29
3 32
3 33
3 37
3 39
3 40
3 47
3 51
3 53
3 58
3 64
3 71
3 74
3 75
3 76
3 77
3 78
3 79
3 90
3 93
3 97
3 98
3 103
3 104
4 1
4 6
4 10
4 12
4 15
4 27
4 35
4 38
4 51
4 55
4 56
4 60
4 62
4 66
4 71
4 78
4 81
4 85
4 86
4 87
5 2
5 8
5 9
5 12
5 15
5 20
5 21
5 31
5 35
5 37
5 55
5 56
5 57
5 59
5 60
5 63
5 66
5 67
5 70
5 83
5 94
5 95
5 97
6 7
6 15
6 16
6 22
6 29
6 38
6 46
6 60
6 61
6 64
6 66
6 72
6 75
6 76
6 78
6 79
6 85
6 87
6 94
6 102
6 103
7 8
7 10
7 22
7 24
7 25
7 27
7 28
7 44
7 48
7 50
7 69
7 72
7 75
7 77
7 81
7 84
7 86
7 87
7 91
7 101
7 103
8 5
8 7
8 10
8 20
8 23
8 34
8 43
8 48
8 52
8 55
8 56
8 57
8 60
8 61
8 65
8 68
8 70
8 73
8 75
8 82
8 83
8 88
8 89
8 91
8 100
9 5
9 14
9 15
9 27
9 30
9 35
9 37
9 39
9 42
9 49
9 56
9 58
9 71
9 72
9 73
9 74
9 77
9 80
9 83
9 88
9 91
9 96
9 99
10 1
10 3
10 4
10 6
10 11
10 13
10 20
10 26
10 45
10 49
10 58
10 75
10 81
10 92
10 97
10 100
11 1
11 2
11 4
11 6
11 8
11 9
11 22
11 23
11 32
11 33
11 37
11 38
11 40
11 43
11 45
11 48
11 50
11 51
11 55
11 63
11 67
11 73
11 89
11 91
11 93
11 94
11 98
11 99
11 100
12 6
12 11
12 17
12 18
12 22
12 48
12 54
12 63
12 79
12 81
12 86
12 89
12 94
12 101
12 102
13 19
13 38
13 43
13 46
13 50
13 51
13 55
13 56
13 61
13 67
13 68
13 69
13 71
13 80
13 83
13 93
13 96
13 98
13 100
13 104
14 1
14 23
14 26
14 27
14 31
14 32
14 51
14 54
14 60
14 61
14 67
14 75
14 82
14 91
14 102
14 105
15 4
15 6
15 13
15 26
15 27
15 29
15 39
15 41
15 53
15 57
15 60
15 65
15 78
15 82
15 93
15 97
15 101
15 104
16 2
16 5
16 7
16 12
16 18
16 29
16 31
16 35
16 37
16 38
16 46
16 55
16 56
16 57
16 59
16 61
16 62
16 67
16 74
16 77
16 79
16 85
16 88
16 94
16 97
16 98
16 103
16 104
17 1
17 5
17 20
17 23
17 25
17 26
17 31
17 32
17 35
17 40
17 45
17 48
17 61
17 62
17 64
17 65
17 72
17 78
17 84
17 85
17 99
17 102
18 1
18 2
18 11
18 13
18 14
18 15
18 20
18 26
18 29
18 30
18 35
18 43
18 48
18 59
18 61
18 67
18 71
18 76
18 78
18 83
18 85
18 88
18 90
18 92
18 97
18 101
18 103
19 3
19 7
19 8
19 9
19 16
19 25
19 26
19 27
19 45
19 48
19 50
19 52
19 54
19 69
19 70
19 79
19 82
19 83
19 89
19 93
19 95
19 99
20 4
20 10
20 13
20 18
20 19
20 22
20 25
20 39
20 42
20 44
20 48
20 56
20 62
20 64
20 72
20 75
20 80
20 81
20 83
20 90
20 96
20 103
21 7
21 8
21 23
21 26
21 35
21 36
21 38
21 39
21 42
21 44
21 51
21 52
21 54
21 59
21 71
21 82
21 84
21 92
21 93
21 97
22 11
22 15
22 16
22 24
22 27
22 30
22 38
22 41
22 42
22 51
22 73
22 74
22 77
22 80
22 83
22 86
22 93
22 95
22 100
22 102
22 104
23 1
23 2
23 43
23 46
23 51
23 54
23 70
23 76
23 81
23 87
23 93
23 103
24 2
24 3
24 6
24 11
24 15
24 23
24 29
24 39
24 40
24 42
24 43
24 50
24 51
24 79
24 81
24 84
24 89
24 91
24 93
25 5
25 16
25 22
25 28
25 30
25 32
25 39
25 40
25 41
25 56
25 62
25 63
25 64
25 65
25 73
25 74
25 83
25 86
25 87
25 90
25 100
25 101
26 3
26 9
26 11
26 23
26 28
26 30
26 31
26 46
26 48
26 50
26 57
26 60
26 63
26 71
26 82
26 85
26 88
26 93
26 95
26 105
27 2
27 4
27 6
27 8
27 11
27 21
27 26
27 29
27 38
27 44
27 53
27 55
27 61
27 68
27 85
27 88
27 90
27 91
27 92
27 94
27 96
27 99
28 2
28 3
28 7
28 31
28 38
28 48
28 56
28 58
28 60
28 62
28 66
28 74
28 75
28 77
28 81
28 84
28 87
28 89
28 91
28 95
29 3
29 5
29 10
29 14
29 20
29 24
29 27
29 38
29 40
29 43
29 46
29 50
29 51
29 54
29 62
29 63
29 64
29 68
29 72
29 77
29 79
29 95
30 2
30 3
30 14
30 18
30 27
30 38
30 39
30 41
30 42
30 46
30 51
30 54
30 64
30 69
30 74
30 76
30 86
30 92
30 96
30 100
31 8
31 18
31 27
31 35
31 37
31 40
31 42
31 43
31 47
31 56
31 58
31 60
31 70
31 75
31 79
31 84
31 90
31 94
31 101
31 104
32 2
32 10
32 16
32 39
32 54
32 65
32 72
32 79
32 80
32 104
33 5
33 11
33 15
33 16
33 31
33 37
33 42
33 44
33 49
33 53
33 56
33 61
33 65
33 67
33 68
33 80
33 83
33 85
33 86
33 88
33 91
33 100
34 1
34 2
34 4
34 5
34 6
34 7
34 8
34 23
34 27
34 32
34 40
34 51
34 53
34 55
34 65
34 69
34 70
34 72
34 77
34 78
34 80
34 82
34 83
34 88
34 101
34 105
35 6
35 8
35 19
35 25
35 27
35 30
35 32
35 37
35 38
35 39
35 40
35 44
35 56
35 60
35 65
35 66
35 71
35 73
35 74
35 79
35 85
35 94
36 4
36 10
36 14
36 19
36 25
36 29
36 31
36 32
36 35
36 41
36 50
36 56
36 62
36 64
36 65
36 69
36 74
36 78
36 81
36 93
36 102
36 103
36 105
37 21
37 30
37 31
37 33
37 41
37 46
37 55
37 59
37 61
37 63
37 65
37 66
37 75
37 76
37 79
37 80
37 82
37 86
37 87
38 5
38 7
38 8
38 12
38 19
38 22
38 23
38 32
38 33
38 36
38 41
38 60
38 61
38 64
38 65
38 68
38 69
38 70
38 74
38 81
38 85
38 87
38 92
38 94
38 95
39 2
39 6
39 13
39 16
39 21
39 40
39 42
39 45
39 46
39 48
39 51
39 75
39 81
39 83
39 84
40 15
40 19
40 21
40 25
40 32
40 33
40 37
40 42
40 53
40 54
40 68
40 75
40 78
40 79
40 80
40 87
40 88
40 90
40 91
40 92
40 93
41 15
41 21
41 27
41 33
41 35
41 49
41 54
41 60
41 63
41 64
41 66
41 74
41 79
41 85
41 94
41 105
42 8
42 10
42 12
42 19
42 22
42 23
42 34
42 35
42 37
42 44
42 45
42 60
42 70
42 71
42 72
42 74
42 75
42 77
42 86
42 103
43 2
43 8
43 15
43 23
43 33
43 38
43 46
43 48
43 63
43 68
43 84
43 88
43 102
44 4
44 6
44 7
44 12
44 18
44 55
44 67
44 73
44 86
44 92
44 94
44 101
45 3
45 13
45 20
45 21
45 22
45 27
45 29
45 54
45 67
45 70
45 71
45 91
45 95
45 96
45 97
45 99
45 100
45 104
46 7
46 9
46 12
46 13
46 16
46 23
46 39
46 44
46 48
46 53
46 55
46 58
46 62
46 70
46 75
46 76
46 82
46 93
46 94
46 103
47 1
47 15
47 22
47 32
47 33
47 41
47 53
47 54
47 58
47 61
47 64
47 69
47 74
47 75
47 77
47 88
47 105
48 6
48 13
48 23
48 29
48 39
48 46
48 50
48 54
48 56
48 60
48 67
48 77
48 84
48 92
48 97
49 3
49 5
49 6
49 9
49 11
49 14
49 15
49 20
49 21
49 25
49 32
49 36
49 45
49 55
49 59
49 62
49 63
49 79
49 81
49 82
49 85
49 89
49 91
50 3
50 9
50 10
50 22
50 30
50 36
50 41
50 44
50 53
50 56
50 57
50 61
50 63
50 64
50 67
50 69
50 71
50 73
50 82
50 97
50 101
51 1
51 9
51 17
51 21
51 32
51 38
51 39
51 62
51 69
51 70
51 77
51 79
51 86
51 89
51 95
51 98
52 7
52 11
52 15
52 27
52 33
52 49
52 59
52 60
52 63
52 64
52 67
52 69
52 77
52 81
52 105
53 10
53 30
53 31
53 35
53 37
53 49
53 58
53 59
53 66
53 68
53 72
53 75
53 78
53 83
53 98
53 101
53 102
54 18
54 22
54 24
54 30
54 31
54 33
54 43
54 44
54 66
54 79
54 91
54 104
55 2
55 7
55 11
55 19
55 21
55 27
55 41
55 45
55 46
55 49
55 50
55 52
55 67
55 69
55 73
55 74
55 75
55 77
55 78
55 79
55 85
55 93
55 97
55 98
55 103
56 5
56 9
56 11
56 20
56 39
56 45
56 46
56 55
56 57
56 60
56 62
56 63
56 64
56 69
56 70
56 72
56 75
56 78
56 87
56 98
56 101
57 5
57 10
57 22
57 27
57 34
57 37
57 39
57 43
57 44
57 45
57 51
57 53
57 54
57 55
57 56
57 66
57 67
57 68
57 71
57 86
57 89
57 96
57 97
57 98
58 4
58 22
58 24
58 28
58 33
58 34
58 45
58 47
58 67
58 71
58 74
58 84
58 85
58 89
58 93
58 94
58 95
58 96
58 98
58 100
58 101
59 2
59 13
59 20
59 25
59 34
59 38
59 46
59 50
59 51
59 52
59 62
59 67
59 69
59 72
59 73
59 81
59 86
59 90
59 91
59 96
59 105
60 3
60 4
60 12
60 17
60 22
60 32
60 33
60 36
60 38
60 45
60 48
60 51
60 52
60 54
60 76
60 81
60 94
60 97
60 103
60 105
61 5
61 7
61 13
61 15
61 25
61 27
61 28
61 29
61 30
61 43
61 48
61 49
61 62
61 71
61 79
61 81
61 90
61 98
61 99
61 100
61 101
61 102
62 2
62 6
62 17
62 27
62 32
62 34
62 35
62 38
62 47
62 50
62 52
62 57
62 60
62 68
62 70
62 80
62 81
62 94
62 98
63 11
63 15
63 17
63 27
63 31
63 40
63 44
63 46
63 49
63 53
63 66
63 70
63 82
63 101
63 102
64 5
64 9
64 22
64 28
64 31
64 44
64 49
64 56
64 60
64 63
64 66
64 67
64 68
64 71
64 73
64 76
64 77
64 85
64 90
64 93
64 100
64 103
64 105
65 4
65 7
65 9
65 12
65 13
65 15
65 17
65 19
65 21
65 22
65 42
65 51
65 57
65 64
65 68
65 69
65 72
65 73
65 76
65 78
65 81
65 84
65 86
65 98
66 3
66 4
66 7
66 11
66 22
66 29
66 36
66 40
66 52
66 56
66 60
66 61
66 64
66 71
66 78
66 83
66 99
66 102
66 103
66 104
66 105
67 2
67 17
67 18
67 19
67 24
67 41
67 49
67 55
67 56
67 58
67 61
67 74
67 85
67 87
67 89
67 90
67 100
68 1
68 2
68 5
68 13
68 16
68 22
68 31
68 34
68 42
68 50
68 54
68 65
68 73
68 75
68 79
68 92
69 4
69 8
69 10
69 16
69 17
69 28
69 29
69 30
69 48
69 57
69 62
69 85
69 91
69 92
69 93
70 1
70 11
70 14
70 15
70 17
70 19
70 24
70 32
70 34
70 35
70 36
70 38
70 39
70 40
70 45
70 48
70 51
70 53
70 59
70 61
70 64
70 67
70 68
70 69
70 76
70 81
70 84
70 87
70 89
71 3
71 5
71 9
71 14
71 16
71 17
71 20
71 25
71 27
71 31
71 33
71 36
71 39
71 45
71 46
71 53
71 63
71 67
71 73
71 74
71 75
71 76
71 96
71 97
71 103
72 14
72 16
72 19
72 21
72 30
72 35
72 39
72 40
72 41
72 42
72 61
72 66
72 68
72 70
72 74
72 77
72 83
72 85
72 86
72 98
73 6
73 9
73 12
73 13
73 14
73 21
73 30
73 31
73 32
73 34
73 40
73 45
73 48
73 50
73 56
73 64
73 70
73 71
73 81
73 91
73 96
73 99
74 2
74 13
74 15
74 18
74 23
74 24
74 25
74 28
74 33
74 50
74 58
74 59
74 90
74 98
74 99
74 102
75 4
75 6
75 13
75 22
75 23
75 28
75 29
75 35
75 41
75 44
75 51
75 53
75 62
75 67
75 68
75 71
75 73
75 85
75 87
75 89
75 90
75 94
75 96
75 101
75 102
75 103
75 104
76 7
76 13
76 14
76 15
76 17
76 20
76 21
76 22
76 40
76 43
76 47
76 51
76 52
76 60
76 61
76 63
76 70
76 71
76 75
76 79
76 90
76 91
77 10
77 11
77 14
77 15
77 18
77 19
77 22
77 24
77 31
77 33
77 37
77 47
77 50
77 68
77 69
77 72
77 85
77 94
77 96
77 99
78 1
78 2
78 5
78 6
78 15
78 17
78 18
78 19
78 30
78 34
78 41
78 67
78 68
78 80
78 82
78 85
78 91
78 94
78 99
79 5
79 10
79 11
79 17
79 19
79 23
79 24
79 30
79 36
79 43
79 61
79 68
79 73
79 76
79 78
79 82
79 87
79 92
79 94
79 102
79 104
80 1
80 3
80 11
80 22
80 28
80 33
80 35
80 39
80 44
80 46
80 48
80 54
80 57
80 60
80 66
80 73
80 75
80 77
80 79
80 84
80 85
80 90
80 91
80 100
80 103
81 1
81 4
81 14
81 17
81 19
81 23
81 26
81 40
81 41
81 47
81 53
81 54
81 55
81 56
81 58
81 59
81 77
81 80
81 82
81 86
81 90
81 93
81 94
81 101
82 3
82 8
82 19
82 24
82 27
82 28
82 32
82 34
82 37
82 41
82 46
82 54
82 57
82 62
82 65
82 74
82 92
83 3
83 11
83 18
83 19
83 21
83 23
83 31
83 38
83 40
83 43
83 44
83 46
83 51
83 52
83 55
83 57
83 68
83 71
83 84
83 87
83 98
83 99
84 16
84 26
84 33
84 40
84 43
84 45
84 53
84 55
84 70
84 77
84 81
84 85
84 99
85 5
85 12
85 15
85 24
85 31
85 43
85 48
85 49
85 51
85 55
85 58
85 65
85 69
85 70
85 74
85 75
85 77
85 83
85 84
85 99
86 7
86 14
86 15
86 17
86 18
86 27
86 31
86 32
86 34
86 35
86 36
86 37
86 39
86 42
86 43
86 48
86 49
86 55
86 60
86 62
86 66
86 68
86 75
86 77
86 78
86 94
87 1
87 3
87 14
87 15
87 17
87 18
87 20
87 27
87 33
87 38
87 47
87 58
87 65
87 66
87 69
87 72
87 77
87 79
87 84
87 88
88 20
88 35
88 36
88 50
88 62
88 76
88 77
88 86
88 96
88 100
89 4
89 5
89 10
89 17
89 24
89 28
89 31
89 32
89 39
89 45
89 51
89 53
89 54
89 55
89 56
89 65
89 66
89 70
89 74
89 88
89 94
89 95
89 96
90 6
90 10
90 12
90 16
90 25
90 27
90 30
90 32
90 41
90 42
90 56
90 59
90 61
90 62
90 63
90 67
90 68
90 70
90 76
90 80
90 84
90 89
90 91
90 94
90 101
90 102
90 105
91 3
91 6
91 7
91 11
91 19
91 22
91 28
91 29
91 46
91 52
91 58
91 65
91 80
91 93
91 94
91 96
92 5
92 9
92 14
92 18
92 22
92 24
92 25
92 26
92 29
92 30
92 34
92 36
92 44
92 47
92 51
92 54
92 67
92 75
92 87
92 89
92 98
92 99
92 105
93 9
93 10
93 14
93 17
93 27
93 33
93 37
93 41
93 42
93 52
93 53
93 66
93 67
93 73
93 77
93 78
93 80
93 97
93 104
93 105
94 4
94 11
94 19
94 26
94 28
94 30
94 48
94 57
94 58
94 60
94 66
94 69
94 74
94 89
94 98
94 99
95 5
95 11
95 21
95 23
95 43
95 48
95 55
95 56
95 61
95 63
95 70
95 77
95 79
95 87
95 96
95 101
96 8
96 12
96 15
96 24
96 26
96 27
96 32
96 36
96 37
96 41
96 49
96 53
96 71
96 80
96 83
96 87
96 88
96 90
96 94
96 95
96 98
96 99
96 102
97 4
97 7
97 8
97 10
97 17
97 30
97 39
97 50
97 57
97 61
97 62
97 63
97 67
97 74
97 82
97 83
97 90
97 91
97 100
97 101
97 104
98 7
98 9
98 21
98 27
98 43
98 48
98 50
98 54
98 62
98 64
98 68
98 73
98 74
98 88
98 91
98 94
98 105
99 3
99 5
99 13
99 18
99 22
99 25
99 28
99 29
99 34
99 54
99 60
99 68
99 70
99 75
99 78
99 79
99 83
100 7
100 14
100 16
100 18
100 20
100 21
100 22
100 23
100 26
100 32
100 36
100 46
100 47
100 52
100 67
100 71
100 73
100 77
100 82
100 86
100 88
100 91
100 93
100 102
100 104
101 6
101 16
101 22
101 25
101 32
101 39
101 41
101 50
101 52
101 69
101 74
101 76
101 78
101 82
101 94
101 99
101 100
102 13
102 14
102 21
102 22
102 24
102 27
102 36
102 41
102 42
102 44
102 51
102 54
102 60
102 73
102 76
102 88
102 92
102 93
102 95
102 101
103 2
103 6
103 16
103 19
103 22
103 26
103 29
103 31
103 35
103 37
103 39
103 45
103 50
103 51
103 53
103 58
103 59
103 60
103 73
103 77
103 82
103 86
104 6
104 9
104 13
104 15
104 16
104 34
104 39
104 44
104 49
104 52
104 55
104 64
104 70
104 71
104 77
104 81
104 82
104 88
104 92
104 95
104 96
104 105
105 3
105 5
105 13
105 18
105 32
105 37
105 38
105 39
105 41
105 46
105 47
105 52
105 56
105 61
105 65
105 68
105 72
105 73
105 74
105 81
105 83
105 84
105 86
105 90
105 101
105 103
;
param C :=
1 9 2
1 13 2
1 18 2
1 19 2
1 25 2
1 41 2
1 42 2
1 46 2
1 49 2
1 50 2
1 51 2
1 59 2
1 61 2
1 63 2
1 74 2
1 77 2
1 78 2
1 87 2
1 93 2
1 98 2
1 101 2
2 3 2
2 4 2
2 5 2
2 7 2
2 9 2
2 22 2
2 23 2
2 24 2
2 41 2
2 44 2
2 48 2
2 49 2
2 52 2
2 55 2
2 58 2
2 63 2
2 66 2
2 70 2
2 78 2
2 90 2
2 99 2
2 102 2
3 4 2
3 6 2
3 12 2
3 13 2
3 17 2
3 18 2
3 19 2
3 22 2
3 24 2
3 29 2
3 32 2
3 33 2
3 37 2
3 39 2
3 40 2
3 47 2
3 51 2
3 53 2
3 58 2
3 64 2
3 71 2
3 74 2
3 75 2
3 76 2
3 77 2
3 78 2
3 79 2
3 90 2
3 93 2
3 97 2
3 98 2
3 103 2
3 104 2
4 1 2
4 6 2
4 10 2
4 12 2
4 15 2
4 27 2
4 35 2
4 38 2
4 51 2
4 55 2
4 56 2
4 60 2
4 62 2
4 66 2
4 71 2
4 78 2
4 81 2
4 85 2
4 86 2
4 87 2
5 2 2
5 8 2
5 9 2
5 12 2
5 15 2
5 20 2
5 21 2
5 31 2
5 35 2
5 37 2
5 55 2
5 56 2
5 57 2
5 59 2
5 60 2
5 63 2
5 66 2
5 67 2
5 70 2
5 83 2
5 94 2
5 95 2
5 97 2
6 7 2
6 15 2
6 16 2
6 22 2
6 29 2
6 38 2
6 46 2
6 60 2
6 61 2
6 64 2
6 66 2
6 72 2
6 75 2
6 76 2
6 78 2
6 79 2
6 85 2
6 87 2
6 94 2
6 102 2
6 103 2
7 8 2
7 10 2
7 22 2
7 24 2
7 25 2
7 27 2
7 28 2
7 44 2
7 48 2
7 50 2
7 69 2
7 72 2
7 75 2
7 77 2
7 81 2
7 84 2
7 86 2
7 87 2
7 91 2
7 101 2
7 103 2
8 5 2
8 7 2
8 10 2
8 20 2
8 23 2
8 34 2
8 43 2
8 48 2
8 52 2
8 55 2
8 56 2
8 57 2
8 60 2
8 61 2
8 65 2
8 68 2
8 70 2
8 73 2
8 75 2
8 82 2
8 83 2
8 88 2
8 89 2
8 91 2
8 100 2
9 5 2
9 14 2
9 15 2
9 27 2
9 30 2
9 35 2
9 37 2
9 39 2
9 42 2
9 49 2
9 56 2
9 58 2
9 71 2
9 72 2
9 73 2
9 74 2
9 77 2
9 80 2
9 83 2
9 88 2
9 91 2
9 96 2
9 99 2
10 1 2
10 3 2
10 4 2
10 6 2
10 11 2
10 13 2
10 20 2
10 26 2
10 45 2
10 49 2
10 58 2
10 75 2
10 81 2
10 92 2
10 97 2
10 100 2
11 1 2
11 2 2
11 4 2
11 6 2
11 8 2
11 9 2
11 22 2
11 23 2
11 32 2
11 33 2
11 37 2
11 38 2
11 40 2
11 43 2
11 45 2
11 48 2
11 50 2
11 51 2
11 55 2
11 63 2
11 67 2
11 73 2
11 89 2
11 91 2
11 93 2
11 94 2
11 98 2
11 99 2
11 100 2
12 6 2
12 11 2
12 17 2
12 18 2
12 22 2
12 48 2
12 54 2
12 63 2
12 79 2
12 81 2
12 86 2
12 89 2
12 94 2
12 101 2
12 102 2
13 19 2
13 38 2
13 43 2
13 46 2
13 50 2
13 51 2
13 55 2
13 56 2
13 61 2
13 67 2
13 68 2
13 69 2
13 71 2
13 80 2
13 83 2
13 93 2
13 96 2
13 98 2
13 100 2
13 104 2
14 1 2
14 23 2
14 26 2
14 27 2
14 31 2
14 32 2
14 51 2
14 54 2
14 60 2
14 61 2
14 67 2
14 75 2
14 82 2
14 91 2
14 102 2
14 105 2
15 4 2
15 6 2
15 13 2
15 26 2
15 27 2
15 29 2
15 39 2
15 41 2
15 53 2
15 57 2
15 60 2
15 65 2
15 78 2
15 82 2
15 93 2
15 97 2
15 101 2
15 104 2
16 2 2
16 5 2
16 7 2
16 12 2
16 18 2
16 29 2
16 31 2
16 35 2
16 37 2
16 38 2
16 46 2
16 55 2
16 56 2
16 57 2
16 59 2
16 61 2
16 62 2
16 67 2
16 74 2
16 77 2
16 79 2
16 85 2
16 88 2
16 94 2
16 97 2
16 98 2
16 103 2
16 104 2
17 1 2
17 5 2
17 20 2
17 23 2
17 25 2
17 26 2
17 31 2
17 32 2
17 35 2
17 40 2
17 45 2
17 48 2
17 61 2
17 62 2
17 64 2
17 65 2
17 72 2
17 78 2
17 84 2
17 85 2
17 99 2
17 102 2
18 1 2
18 2 2
18 11 2
18 13 2
18 14 2
18 15 2
18 20 2
18 26 2
18 29 2
18 30 2
18 35 2
18 43 2
18 48 2
18 59 2
18 61 2
18 67 2
18 71 2
18 76 2
18 78 2
18 83 2
18 85 2
18 88 2
18 90 2
18 92 2
18 97 2
18 101 2
18 103 2
19 3 2
19 7 2
19 8 2
19 9 2
19 16 2
19 25 2
19 26 2
19 27 2
19 45 2
19 48 2
19 50 2
19 52 2
19 54 2
19 69 2
19 70 2
19 79 2
19 82 2
19 83 2
19 89 2
19 93 2
19 95 2
19 99 2
20 4 2
20 10 2
20 13 2
20 18 2
20 19 2
20 22 2
20 25 2
20 39 2
20 42 2
20 44 2
20 48 2
20 56 2
20 62 2
20 64 2
20 72 2
20 75 2
20 80 2
20 81 2
20 83 2
20 90 2
20 96 2
20 103 2
21 7 2
21 8 2
21 23 2
21 26 2
21 35 2
21 36 2
21 38 2
21 39 2
21 42 2
21 44 2
21 51 2
21 52 2
21 54 2
21 59 2
21 71 2
21 82 2
21 84 2
21 92 2
21 93 2
21 97 2
22 11 2
22 15 2
22 16 2
22 24 2
22 27 2
22 30 2
22 38 2
22 41 2
22 42 2
22 51 2
22 73 2
22 74 2
22 77 2
22 80 2
22 83 2
22 86 2
22 93 2
22 95 2
22 100 2
22 102 2
22 104 2
23 1 2
23 2 2
23 43 2
23 46 2
23 51 2
23 54 2
23 70 2
23 76 2
23 81 2
23 87 2
23 93 2
23 103 2
24 2 2
24 3 2
24 6 2
24 11 2
24 15 2
24 23 2
24 29 2
24 39 2
24 40 2
24 42 2
24 43 2
24 50 2
24 51 2
24 79 2
24 81 2
24 84 2
24 89 2
24 91 2
24 93 2
25 5 2
25 16 2
25 22 2
25 28 2
25 30 2
25 32 2
25 39 2
25 40 2
25 41 2
25 56 2
25 62 2
25 63 2
25 64 2
25 65 2
25 73 2
25 74 2
25 83 2
25 86 2
25 87 2
25 90 2
25 100 2
25 101 2
26 3 2
26 9 2
26 11 2
26 23 2
26 28 2
26 30 2
26 31 2
26 46 2
26 48 2
26 50 2
26 57 2
26 60 2
26 63 2
26 71 2
26 82 2
26 85 2
26 88 2
26 93 2
26 95 2
26 105 2
27 2 2
27 4 2
27 6 2
27 8 2
27 11 2
27 21 2
27 26 2
27 29 2
27 38 2
27 44 2
27 53 2
27 55 2
27 61 2
27 68 2
27 85 2
27 88 2
27 90 2
27 91 2
27 92 2
27 94 2
27 96 2
27 99 2
28 2 2
28 3 2
28 7 2
28 31 2
28 38 2
28 48 2
28 56 2
28 58 2
28 60 2
28 62 2
28 66 2
28 74 2
28 75 2
28 77 2
28 81 2
28 84 2
28 87 2
28 89 2
28 91 2
28 95 2
29 3 2
29 5 2
29 10 2
29 14 2
29 20 2
29 24 2
29 27 2
29 38 2
29 40 2
29 43 2
29 46 2
29 50 2
29 51 2
29 54 2
29 62 2
29 63 2
29 64 2
29 68 2
29 72 2
29 77 2
29 79 2
29 95 2
30 2 2
30 3 2
30 14 2
30 18 2
30 27 2
30 38 2
30 39 2
30 41 2
30 42 2
30 46 2
30 51 2
30 54 2
30 64 2
30 69 2
30 74 2
30 76 2
30 86 2
30 92 2
30 96 2
30 100 2
31 8 2
31 18 2
31 27 2
31 35 2
31 37 2
31 40 2
31 42 2
31 43 2
31 47 2
31 56 2
31 58 2
31 60 2
31 70 2
31 75 2
31 79 2
31 84 2
31 90 2
31 94 2
31 101 2
31 104 2
32 2 2
32 10 2
32 16 2
32 39 2
32 54 2
32 65 2
32 72 2
32 79 2
32 80 2
32 104 2
33 5 2
33 11 2
33 15 2
33 16 2
33 31 2
33 37 2
33 42 2
33 44 2
33 49 2
33 53 2
33 56 2
33 61 2
33 65 2
33 67 2
33 68 2
33 80 2
33 83 2
33 85 2
33 86 2
33 88 2
33 91 2
33 100 2
34 1 2
34 2 2
34 4 2
34 5 2
34 6 2
34 7 2
34 8 2
34 23 2
34 27 2
34 32 2
34 40 2
34 51 2
34 53 2
34 55 2
34 65 2
34 69 2
34 70 2
34 72 2
34 77 2
34 78 2
34 80 2
34 82 2
34 83 2
34 88 2
34 101 2
34 105 2
35 6 2
35 8 2
35 19 2
35 25 2
35 27 2
35 30 2
35 32 2
35 37 2
35 38 2
35 39 2
35 40 2
35 44 2
35 56 2
35 60 2
35 65 2
35 66 2
35 71 2
35 73 2
35 74 2
35 79 2
35 85 2
35 94 2
36 4 2
36 10 2
36 14 2
36 19 2
36 25 2
36 29 2
36 31 2
36 32 2
36 35 2
36 41 2
36 50 2
36 56 2
36 62 2
36 64 2
36 65 2
36 69 2
36 74 2
36 78 2
36 81 2
36 93 2
36 102 2
36 103 2
36 105 2
37 21 2
37 30 2
37 31 2
37 33 2
37 41 2
37 46 2
37 55 2
37 59 2
37 61 2
37 63 2
37 65 2
37 66 2
37 75 2
37 76 2
37 79 2
37 80 2
37 82 2
37 86 2
37 87 2
38 5 2
38 7 2
38 8 2
38 12 2
38 19 2
38 22 2
38 23 2
38 32 2
38 33 2
38 36 2
38 41 2
38 60 2
38 61 2
38 64 2
38 65 2
38 68 2
38 69 2
38 70 2
38 74 2
38 81 2
38 85 2
38 87 2
38 92 2
38 94 2
38 95 2
39 2 2
39 6 2
39 13 2
39 16 2
39 21 2
39 40 2
39 42 2
39 45 2
39 46 2
39 48 2
39 51 2
39 75 2
39 81 2
39 83 2
39 84 2
40 15 2
40 19 2
40 21 2
40 25 2
40 32 2
40 33 2
40 37 2
40 42 2
40 53 2
40 54 2
40 68 2
40 75 2
40 78 2
40 79 2
40 80 2
40 87 2
40 88 2
40 90 2
40 91 2
40 92 2
40 93 2
41 15 2
41 21 2
41 27 2
41 33 2
41 35 2
41 49 2
41 54 2
41 60 2
41 63 2
41 64 2
41 66 2
41 74 2
41 79 2
41 85 2
41 94 2
41 105 2
42 8 2
42 10 2
42 12 2
42 19 2
42 22 2
42 23 2
42 34 2
42 35 2
42 37 2
42 44 2
42 45 2
42 60 2
42 70 2
42 71 2
42 72 2
42 74 2
42 75 2
42 77 2
42 86 2
42 103 2
43 2 2
43 8 2
43 15 2
43 23 2
43 33 2
43 38 2
43 46 2
43 48 2
43 63 2
43 68 2
43 84 2
43 88 2
43 102 2
44 4 2
44 6 2
44 7 2
44 12 2
44 18 2
44 55 2
44 67 2
44 73 2
44 86 2
44 92 2
44 94 2
44 101 2
45 3 2
45 13 2
45 20 2
45 21 2
45 22 2
45 27 2
45 29 2
45 54 2
45 67 2
45 70 2
45 71 2
45 91 2
45 95 2
45 96 2
45 97 2
45 99 2
45 100 2
45 104 2
46 7 2
46 9 2
46 12 2
46 13 2
46 16 2
46 23 2
46 39 2
46 44 2
46 48 2
46 53 2
46 55 2
46 58 2
46 62 2
46 70 2
46 75 2
46 76 2
46 82 2
46 93 2
46 94 2
46 103 2
47 1 2
47 15 2
47 22 2
47 32 2
47 33 2
47 41 2
47 53 2
47 54 2
47 58 2
47 61 2
47 64 2
47 69 2
47 74 2
47 75 2
47 77 2
47 88 2
47 105 2
48 6 2
48 13 2
48 23 2
48 29 2
48 39 2
48 46 2
48 50 2
48 54 2
48 56 2
48 60 2
48 67 2
48 77 2
48 84 2
48 92 2
48 97 2
49 3 2
49 5 2
49 6 2
49 9 2
49 11 2
49 14 2
49 15 2
49 20 2
49 21 2
49 25 2
49 32 2
49 36 2
49 45 2
49 55 2
49 59 2
49 62 2
49 63 2
49 79 2
49 81 2
49 82 2
49 85 2
49 89 2
49 91 2
50 3 2
50 9 2
50 10 2
50 22 2
50 30 2
50 36 2
50 41 2
50 44 2
50 53 2
50 56 2
50 57 2
50 61 2
50 63 2
50 64 2
50 67 2
50 69 2
50 71 2
50 73 2
50 82 2
50 97 2
50 101 2
51 1 2
51 9 2
51 17 2
51 21 2
51 32 2
51 38 2
51 39 2
51 62 2
51 69 2
51 70 2
51 77 2
51 79 2
51 86 2
51 89 2
51 95 2
51 98 2
52 7 2
52 11 2
52 15 2
52 27 2
52 33 2
52 49 2
52 59 2
52 60 2
52 63 2
52 64 2
52 67 2
52 69 2
52 77 2
52 81 2
52 105 2
53 10 2
53 30 2
53 31 2
53 35 2
53 37 2
53 49 2
53 58 2
53 59 2
53 66 2
53 68 2
53 72 2
53 75 2
53 78 2
53 83 2
53 98 2
53 101 2
53 102 2
54 18 2
54 22 2
54 24 2
54 30 2
54 31 2
54 33 2
54 43 2
54 44 2
54 66 2
54 79 2
54 91 2
54 104 2
55 2 2
55 7 2
55 11 2
55 19 2
55 21 2
55 27 2
55 41 2
55 45 2
55 46 2
55 49 2
55 50 2
55 52 2
55 67 2
55 69 2
55 73 2
55 74 2
55 75 2
55 77 2
55 78 2
55 79 2
55 85 2
55 93 2
55 97 2
55 98 2
55 103 2
56 5 2
56 9 2
56 11 2
56 20 2
56 39 2
56 45 2
56 46 2
56 55 2
56 57 2
56 60 2
56 62 2
56 63 2
56 64 2
56 69 2
56 70 2
56 72 2
56 75 2
56 78 2
56 87 2
56 98 2
56 101 2
57 5 2
57 10 2
57 22 2
57 27 2
57 34 2
57 37 2
57 39 2
57 43 2
57 44 2
57 45 2
57 51 2
57 53 2
57 54 2
57 55 2
57 56 2
57 66 2
57 67 2
57 68 2
57 71 2
57 86 2
57 89 2
57 96 2
57 97 2
57 98 2
58 4 2
58 22 2
58 24 2
58 28 2
58 33 2
58 34 2
58 45 2
58 47 2
58 67 2
58 71 2
58 74 2
58 84 2
58 85 2
58 89 2
58 93 2
58 94 2
58 95 2
58 96 2
58 98 2
58 100 2
58 101 2
59 2 2
59 13 2
59 20 2
59 25 2
59 34 2
59 38 2
59 46 2
59 50 2
59 51 2
59 52 2
59 62 2
59 67 2
59 69 2
59 72 2
59 73 2
59 81 2
59 86 2
59 90 2
59 91 2
59 96 2
59 105 2
60 3 2
60 4 2
60 12 2
60 17 2
60 22 2
60 32 2
60 33 2
60 36 2
60 38 2
60 45 2
60 48 2
60 51 2
60 52 2
60 54 2
60 76 2
60 81 2
60 94 2
60 97 2
60 103 2
60 105 2
61 5 2
61 7 2
61 13 2
61 15 2
61 25 2
61 27 2
61 28 2
61 29 2
61 30 2
61 43 2
61 48 2
61 49 2
61 62 2
61 71 2
61 79 2
61 81 2
61 90 2
61 98 2
61 99 2
61 100 2
61 101 2
61 102 2
62 2 2
62 6 2
62 17 2
62 27 2
62 32 2
62 34 2
62 35 2
62 38 2
62 47 2
62 50 2
62 52 2
62 57 2
62 60 2
62 68 2
62 70 2
62 80 2
62 81 2
62 94 2
62 98 2
63 11 2
63 15 2
63 17 2
63 27 2
63 31 2
63 40 2
63 44 2
63 46 2
63 49 2
63 53 2
63 66 2
63 70 2
63 82 2
63 101 2
63 102 2
64 5 2
64 9 2
64 22 2
64 28 2
64 31 2
64 44 2
64 49 2
64 56 2
64 60 2
64 63 2
64 66 2
64 67 2
64 68 2
64 71 2
64 73 2
64 76 2
64 77 2
64 85 2
64 90 2
64 93 2
64 100 2
64 103 2
64 105 2
65 4 2
65 7 2
65 9 2
65 12 2
65 13 2
65 15 2
65 17 2
65 19 2
65 21 2
65 22 2
65 42 2
65 51 2
65 57 2
65 64 2
65 68 2
65 69 2
65 72 2
65 73 2
65 76 2
65 78 2
65 81 2
65 84 2
65 86 2
65 98 2
66 3 2
66 4 2
66 7 2
66 11 2
66 22 2
66 29 2
66 36 2
66 40 2
66 52 2
66 56 2
66 60 2
66 61 2
66 64 2
66 71 2
66 78 2
66 83 2
66 99 2
66 102 2
66 103 2
66 104 2
66 105 2
67 2 2
67 17 2
67 18 2
67 19 2
67 24 2
67 41 2
67 49 2
67 55 2
67 56 2
67 58 2
67 61 2
67 74 2
67 85 2
67 87 2
67 89 2
67 90 2
67 100 2
68 1 2
68 2 2
68 5 2
68 13 2
68 16 2
68 22 2
68 31 2
68 34 2
68 42 2
68 50 2
68 54 2
68 65 2
68 73 2
68 75 2
68 79 2
68 92 2
69 4 2
69 8 2
69 10 2
69 16 2
69 17 2
69 28 2
69 29 2
69 30 2
69 48 2
69 57 2
69 62 2
69 85 2
69 91 2
69 92 2
69 93 2
70 1 2
70 11 2
70 14 2
70 15 2
70 17 2
70 19 2
70 24 2
70 32 2
70 34 2
70 35 2
70 36 2
70 38 2
70 39 2
70 40 2
70 45 2
70 48 2
70 51 2
70 53 2
70 59 2
70 61 2
70 64 2
70 67 2
70 68 2
70 69 2
70 76 2
70 81 2
70 84 2
70 87 2
70 89 2
71 3 2
71 5 2
71 9 2
71 14 2
71 16 2
71 17 2
71 20 2
71 25 2
71 27 2
71 31 2
71 33 2
71 36 2
71 39 2
71 45 2
71 46 2
71 53 2
71 63 2
71 67 2
71 73 2
71 74 2
71 75 2
71 76 2
71 96 2
71 97 2
71 103 2
72 14 2
72 16 2
72 19 2
72 21 2
72 30 2
72 35 2
72 39 2
72 40 2
72 41 2
72 42 2
72 61 2
72 66 2
72 68 2
72 70 2
72 74 2
72 77 2
72 83 2
72 85 2
72 86 2
72 98 2
73 6 2
73 9 2
73 12 2
73 13 2
73 14 2
73 21 2
73 30 2
73 31 2
73 32 2
73 34 2
73 40 2
73 45 2
73 48 2
73 50 2
73 56 2
73 64 2
73 70 2
73 71 2
73 81 2
73 91 2
73 96 2
73 99 2
74 2 2
74 13 2
74 15 2
74 18 2
74 23 2
74 24 2
74 25 2
74 28 2
74 33 2
74 50 2
74 58 2
74 59 2
74 90 2
74 98 2
74 99 2
74 102 2
75 4 2
75 6 2
75 13 2
75 22 2
75 23 2
75 28 2
75 29 2
75 35 2
75 41 2
75 44 2
75 51 2
75 53 2
75 62 2
75 67 2
75 68 2
75 71 2
75 73 2
75 85 2
75 87 2
75 89 2
75 90 2
75 94 2
75 96 2
75 101 2
75 102 2
75 103 2
75 104 2
76 7 2
76 13 2
76 14 2
76 15 2
76 17 2
76 20 2
76 21 2
76 22 2
76 40 2
76 43 2
76 47 2
76 51 2
76 52 2
76 60 2
76 61 2
76 63 2
76 70 2
76 71 2
76 75 2
76 79 2
76 90 2
76 91 2
77 10 2
77 11 2
77 14 2
77 15 2
77 18 2
77 19 2
77 22 2
77 24 2
77 31 2
77 33 2
77 37 2
77 47 2
77 50 2
77 68 2
77 69 2
77 72 2
77 85 2
77 94 2
77 96 2
77 99 2
78 1 2
78 2 2
78 5 2
78 6 2
78 15 2
78 17 2
78 18 2
78 19 2
78 30 2
78 34 2
78 41 2
78 67 2
78 68 2
78 80 2
78 82 2
78 85 2
78 91 2
78 94 2
78 99 2
79 5 2
79 10 2
79 11 2
79 17 2
79 19 2
79 23 2
79 24 2
79 30 2
79 36 2
79 43 2
79 61 2
79 68 2
79 73 2
79 76 2
79 78 2
79 82 2
79 87 2
79 92 2
79 94 2
79 102 2
79 104 2
80 1 2
80 3 2
80 11 2
80 22 2
80 28 2
80 33 2
80 35 2
80 39 2
80 44 2
80 46 2
80 48 2
80 54 2
80 57 2
80 60 2
80 66 2
80 73 2
80 75 2
80 77 2
80 79 2
80 84 2
80 85 2
80 90 2
80 91 2
80 100 2
80 103 2
81 1 2
81 4 2
81 14 2
81 17 2
81 19 2
81 23 2
81 26 2
81 40 2
81 41 2
81 47 2
81 53 2
81 54 2
81 55 2
81 56 2
81 58 2
81 59 2
81 77 2
81 80 2
81 82 2
81 86 2
81 90 2
81 93 2
81 94 2
81 101 2
82 3 2
82 8 2
82 19 2
82 24 2
82 27 2
82 28 2
82 32 2
82 34 2
82 37 2
82 41 2
82 46 2
82 54 2
82 57 2
82 62 2
82 65 2
82 74 2
82 92 2
83 3 2
83 11 2
83 18 2
83 19 2
83 21 2
83 23 2
83 31 2
83 38 2
83 40 2
83 43 2
83 44 2
83 46 2
83 51 2
83 52 2
83 55 2
83 57 2
83 68 2
83 71 2
83 84 2
83 87 2
83 98 2
83 99 2
84 16 2
84 26 2
84 33 2
84 40 2
84 43 2
84 45 2
84 53 2
84 55 2
84 70 2
84 77 2
84 81 2
84 85 2
84 99 2
85 5 2
85 12 2
85 15 2
85 24 2
85 31 2
85 43 2
85 48 2
85 49 2
85 51 2
85 55 2
85 58 2
85 65 2
85 69 2
85 70 2
85 74 2
85 75 2
85 77 2
85 83 2
85 84 2
85 99 2
86 7 2
86 14 2
86 15 2
86 17 2
86 18 2
86 27 2
86 31 2
86 32 2
86 34 2
86 35 2
86 36 2
86 37 2
86 39 2
86 42 2
86 43 2
86 48 2
86 49 2
86 55 2
86 60 2
86 62 2
86 66 2
86 68 2
86 75 2
86 77 2
86 78 2
86 94 2
87 1 2
87 3 2
87 14 2
87 15 2
87 17 2
87 18 2
87 20 2
87 27 2
87 33 2
87 38 2
87 47 2
87 58 2
87 65 2
87 66 2
87 69 2
87 72 2
87 77 2
87 79 2
87 84 2
87 88 2
88 20 2
88 35 2
88 36 2
88 50 2
88 62 2
88 76 2
88 77 2
88 86 2
88 96 2
88 100 2
89 4 2
89 5 2
89 10 2
89 17 2
89 24 2
89 28 2
89 31 2
89 32 2
89 39 2
89 45 2
89 51 2
89 53 2
89 54 2
89 55 2
89 56 2
89 65 2
89 66 2
89 70 2
89 74 2
89 88 2
89 94 2
89 95 2
89 96 2
90 6 2
90 10 2
90 12 2
90 16 2
90 25 2
90 27 2
90 30 2
90 32 2
90 41 2
90 42 2
90 56 2
90 59 2
90 61 2
90 62 2
90 63 2
90 67 2
90 68 2
90 70 2
90 76 2
90 80 2
90 84 2
90 89 2
90 91 2
90 94 2
90 101 2
90 102 2
90 105 2
91 3 2
91 6 2
91 7 2
91 11 2
91 19 2
91 22 2
91 28 2
91 29 2
91 46 2
91 52 2
91 58 2
91 65 2
91 80 2
91 93 2
91 94 2
91 96 2
92 5 2
92 9 2
92 14 2
92 18 2
92 22 2
92 24 2
92 25 2
92 26 2
92 29 2
92 30 2
92 34 2
92 36 2
92 44 2
92 47 2
92 51 2
92 54 2
92 67 2
92 75 2
92 87 2
92 89 2
92 98 2
92 99 2
92 105 2
93 9 2
93 10 2
93 14 2
93 17 2
93 27 2
93 33 2
93 37 2
93 41 2
93 42 2
93 52 2
93 53 2
93 66 2
93 67 2
93 73 2
93 77 2
93 78 2
93 80 2
93 97 2
93 104 2
93 105 2
94 4 2
94 11 2
94 19 2
94 26 2
94 28 2
94 30 2
94 48 2
94 57 2
94 58 2
94 60 2
94 66 2
94 69 2
94 74 2
94 89 2
94 98 2
94 99 2
95 5 2
95 11 2
95 21 2
95 23 2
95 43 2
95 48 2
95 55 2
95 56 2
95 61 2
95 63 2
95 70 2
95 77 2
95 79 2
95 87 2
95 96 2
95 101 2
96 8 2
96 12 2
96 15 2
96 24 2
96 26 2
96 27 2
96 32 2
96 36 2
96 37 2
96 41 2
96 49 2
96 53 2
96 71 2
96 80 2
96 83 2
96 87 2
96 88 2
96 90 2
96 94 2
96 95 2
96 98 2
96 99 2
96 102 2
97 4 2
97 7 2
97 8 2
97 10 2
97 17 2
97 30 2
97 39 2
97 50 2
97 57 2
97 61 2
97 62 2
97 63 2
97 67 2
97 74 2
97 82 2
97 83 2
97 90 2
97 91 2
97 100 2
97 101 2
97 104 2
98 7 2
98 9 2
98 21 2
98 27 2
98 43 2
98 48 2
98 50 2
98 54 2
98 62 2
98 64 2
98 68 2
98 73 2
98 74 2
98 88 2
98 91 2
98 94 2
98 105 2
99 3 2
99 5 2
99 13 2
99 18 2
99 22 2
99 25 2
99 28 2
99 29 2
99 34 2
99 54 2
99 60 2
99 68 2
99 70 2
99 75 2
99 78 2
99 79 2
99 83 2
100 7 2
100 14 2
100 16 2
100 18 2
100 20 2
100 21 2
100 22 2
100 23 2
100 26 2
100 32 2
100 36 2
100 46 2
100 47 2
100 52 2
100 67 2
100 71 2
100 73 2
100 77 2
100 82 2
100 86 2
100 88 2
100 91 2
100 93 2
100 102 2
100 104 2
101 6 2
101 16 2
101 22 2
101 25 2
101 32 2
101 39 2
101 41 2
101 50 2
101 52 2
101 69 2
101 74 2
101 76 2
101 78 2
101 82 2
101 94 2
101 99 2
101 100 2
102 13 2
102 14 2
102 21 2
102 22 2
102 24 2
102 27 2
102 36 2
102 41 2
102 42 2
102 44 2
102 51 2
102 54 2
102 60 2
102 73 2
102 76 2
102 88 2
102 92 2
102 93 2
102 95 2
102 101 2
103 2 2
103 6 2
103 16 2
103 19 2
103 22 2
103 26 2
103 29 2
103 31 2
103 35 2
103 37 2
103 39 2
103 45 2
103 50 2
103 51 2
103 53 2
103 58 2
103 59 2
103 60 2
103 73 2
103 77 2
103 82 2
103 86 2
104 6 2
104 9 2
104 13 2
104 15 2
104 16 2
104 34 2
104 39 2
104 44 2
104 49 2
104 52 2
104 55 2
104 64 2
104 70 2
104 71 2
104 77 2
104 81 2
104 82 2
104 88 2
104 92 2
104 95 2
104 96 2
104 105 2
105 3 2
105 5 2
105 13 2
105 18 2
105 32 2
105 37 2
105 38 2
105 39 2
105 41 2
105 46 2
105 47 2
105 52 2
105 56 2
105 61 2
105 65 2
105 68 2
105 72 2
105 73 2
105 74 2
105 81 2
105 83 2
105 84 2
105 86 2
105 90 2
105 101 2
105 103 2
;
param origin := 20;
param dest :=80;
#
# These 2 parameters are the values of b and p of the paper
param default_p :=0.5;
param default_b :=1.0;
#
#
param no_functions := 5;
param q := 
1 0.1
2 0.1
3 0.1
4 0.1
5 0.1
;
param P := 
1 1
2 1
3 1
4 1
5 1
6 1
7 1
8 1
9 1
10 1
11 1
12 1
13 1
14 1
15 1
16 1
17 1
18 1
19 1
20 1
21 1
22 1
23 1
24 1
25 1
26 1
27 1
28 1
29 1
30 1
31 1
32 1
33 1
34 1
35 1
36 1
37 1
38 1
39 1
40 1
41 1
42 1
43 1
44 1
45 1
46 1
47 1
48 1
49 1
50 1
51 1
52 1
53 1
54 1
55 1
56 1
57 1
58 1
59 1
60 1
61 1
62 1
63 1
64 1
65 1
66 1
67 1
68 1
69 1
70 1
71 1
72 1
73 1
74 1
75 1
76 1
77 1
78 1
79 1
80 1
81 1
82 1
83 1
84 1
85 1
86 1
87 1
88 1
89 1
90 1
91 1
92 1
93 1
94 1
95 1
96 1
97 1
98 1
99 1
100 1
101 1
102 1
103 1
104 1
105 1
;
#
#  This is the incidence matrix for functions and nodes 
#  f_nodes[i,k] = 1 if node i contains function k 
#  Only the elements with value 1 need be given.
#
param: f_nodes :=
4 4 1
8 1 1
15 1 1
21 2 1
26 4 1
28 4 1
48 3 1
54 2 1
58 5 1
71 5 1
78 3 1
89 3 1
96 1 1
101 2 1
105 5 1
;