data\input5.txt 2000 10.0 120.0 0.028000000000000004 0.5345 12.471535982814178 0.9999999999999999 243.4205 0.347 11.801684532924961 0.9999999999999999 102.263 0.3205 0.0265 0.35350000000000004 11.88167053364269 0.9999999999999999 106.163 
data\input5.txt 2000 10.0 120.0 0.028000000000000004 0.5389999999999999 12.342733188720173 0.9999999999999999 339.8925 0.49050000000000005 13.931305201177626 0.9999999999999999 130.883 0.4805 0.01 0.5035000000000001 14.45619335347432 0.9999999999999999 141.6205 
data\input5.txt 2000 10.0 120.0 0.028000000000000004 0.542 12.322052401746724 0.9999999999999999 217.6945 0.5075000000000001 13.788832487309644 0.9999999999999999 84.3645 0.4955 0.012 0.522 14.698744769874477 0.9999999999999999 91.8925 
data\input5.txt 1000 10.0 40.0 0.028000000000000004 0.22599999999999998 12.029715762273902 0.9999999999999999 265.876 0.03600000000000003 12.053941908713693 0.9999999999999999 117.454 0.022 0.014 0.03600000000000003 12.032157676348548 0.9999999999999999 127.898 
data\input8.txt 1000 10.0 40.0 0.03400000000000001 0.635 14.013698630136986 0.8999999999999999 108.475 0.716 13.123239436619718 0.8999999999999999 87.142 0.67 0.046 0.716 13.02112676056338 0.7999999999999999 108.623 
data\input8.txt 1000 10.0 40.0 0.03400000000000001 0.596 14.403465346534654 0.9999999999999999 101.986 0.721 13.017921146953405 0.7 75.185 0.63 0.06 0.72 13.092857142857143 0.7999999999999999 97.895 
data\input8.txt 1000 10.0 40.0 0.03400000000000001 0.622 14.097883597883598 0.9999999999999999 92.481 0.718 13.322695035460994 0.8999999999999999 69.204 0.618 0.057 0.723 13.180505415162456 0.7999999999999999 85.682 
data\input8.txt 1000 10.0 40.0 0.03400000000000001 0.681 11.893416927899686 0.7999999999999999 273.592 0.7130000000000001 13.003484320557492 0.7 127.569 0.607 0.058 0.7150000000000001 13.080701754385965 0.7 158.311 
data\test.txt 1000 10.0 40.0 0.7 0.9319999999999999 2.911764705882353 0.6 0.161 0.928 2.8333333333333335 0.6 0.171 0.748 0.033 0.929 2.7183098591549295 0.5 0.202 
data\test.txt 1000 10.0 40.0 0.7 0.9359999999999999 3.078125 0.6 0.157 0.935 3.0307692307692307 0.6 0.143 0.823 0.069 0.9319999999999999 2.9411764705882355 0.7 0.331 
data\test.txt 1000 10.0 40.0 0.7 0.933 3.1194029850746268 0.7 0.086 0.9299999999999999 2.7 0.5 0.093 0.851 0.014 0.928 2.7916666666666665 0.5 0.165 
data\input20.txt 1000 10.0 40.0 0.05800000000000003 0.5800000000000001 10.704761904761904 0.7 204.498 0.6970000000000001 10.323432343234323 0.5 127.209 0.606 0.058 0.698 10.350993377483444 0.6 148.487 
data\input20.txt 1000 10.0 40.0 0.05800000000000003 0.5820000000000001 11.253588516746412 0.6 217.882 0.688 10.419871794871796 0.7 130.033 0.587 0.059 0.683 10.646687697160884 0.6 143.621 
data\input20.txt 1000 10.0 40.0 0.05800000000000003 0.598 11.17910447761194 0.6 206.045 0.692 10.558441558441558 0.5 119.177 0.563 0.073 0.6930000000000001 10.563517915309447 0.7 155.652 
data\input5.txt 1000 10.0 40.0 0.028000000000000004 0.579 11.401425178147269 0.9999999999999999 324.927 0.613 12.162790697674419 0.9999999999999999 52.032 0.275 0.202 0.609 12.002557544757034 0.9999999999999999 106.889 
data\input5.txt 1000 10.0 40.0 0.028000000000000004 0.577 11.243498817966904 0.9999999999999999 376.546 0.615 11.7012987012987 0.9999999999999999 56.288 0.287 0.221 0.608 11.752551020408163 0.9999999999999999 107.395 
data\input5.txt 1000 10.0 40.0 0.028000000000000004 0.589 11.481751824817518 0.9999999999999999 322.606 0.636 11.925824175824175 0.9999999999999999 48.169 0.273 0.228 0.634 12.024590163934427 0.9999999999999999 99.536 
data\input5.txt 1000 10.0 40.0 0.028000000000000004 0.565 11.177011494252874 0.9999999999999999 523.345 0.6 12.0175 0.9999999999999999 78.176 0.279 0.193 0.607 11.923664122137405 0.9999999999999999 150.7 
data\input5.txt 1000 10.0 40.0 0.028000000000000004 0.587 11.588377723970945 0.9999999999999999 499.535 0.6819999999999999 9.273584905660377 0.7999999999999999 130.239 0.004 0.642 0.6759999999999999 9.382716049382717 0.7999999999999999 409.802 
data\input5.txt 1000 10.0 40.0 0.028000000000000004 0.8009999999999999 9.64321608040201 0.7 190.32 0.599 11.8428927680798 0.9999999999999999 61.193 0.223 0.239 0.596 12.106435643564357 0.9999999999999999 124.041 
data\input5.txt 1000 10.0 10.0 0.028000000000000004 0.489 9.545988258317026 0.7 283.689 0.246 8.660477453580901 0.8999999999999999 108.529 0.002 0.216 0.24 8.618421052631579 0.7999999999999999 193.044 
data\input10.txt 1000 10.0 10.0 0.03800000000000001 0.51 8.726530612244899 0.6 404.635 0.28400000000000003 7.350558659217877 0.7 139.716 0.0 0.267 0.28200000000000003 7.321727019498607 0.6 252.895 
data\test1.txt 12 10.0 10.0 0.7 0.5833333333333333 8.0 0.9999999999999999 1.25 0.5833333333333333 8.0 0.9999999999999999 0.0 0.5833333333333334 0.0 0.5833333333333333 8.0 0.9999999999999999 2.5833333333333335 
data\input10.txt 1000 10.0 20.0 0.03800000000000001 0.7170000000000001 8.784452296819788 0.5 598.105 0.43400000000000005 8.298586572438163 0.6 215.595 0.001 0.346 0.43300000000000005 8.379188712522046 0.7 428.555 
data\input10.txt 1000 10.0 5.0 0.03800000000000001 0.23299999999999998 8.64406779661017 0.5 948.021 0.22399999999999998 6.921391752577319 0.6 277.511 0.001 0.219 0.20599999999999996 6.964735516372796 0.5 436.845 
data\test1.txt 1000 10.0 5.0 0.7 0.895 8.0 0.9999999999999999 0.048 0.895 8.0 0.9999999999999999 0.239 0.895 0.0 0.895 8.0 0.9999999999999999 0.307 
data\test1.txt 1000 10.0 5.0 0.7 0.901 8.0 0.9999999999999999 0.092 0.806 5.0 0.9999999999999999 0.198 0.806 0.0 0.806 5.0 0.9999999999999999 0.206 
data\test1.txt 1000 10.0 5.0 0.7 1.0 NaN 0.0 0.136 0.8 5.0 0.9999999999999999 0.187 0.8 0.0 0.8 5.0 0.9999999999999999 0.203 
data\test1.txt 1000 10.0 5.0 0.7 0.8 5.0 0.9999999999999999 0.061 0.8 5.0 0.9999999999999999 0.201 0.8 0.0 0.8 5.0 0.9999999999999999 0.252 
data\test1.txt 1000 10.0 5.0 0.7 0.88 5.0 0.9999999999999999 0.071 0.88 5.0 0.9999999999999999 0.195 0.88 0.0 0.88 5.0 0.9999999999999999 0.255 
data\2input8.txt 1000 10.0 5.0 0.03400000000000001 0.0030000000000000027 7.346038114343029 0.7 351.652 
data\2input8.txt 1000 10.0 20.0 0.03400000000000001 0.05300000000000005 10.385427666314678 0.9999999999999999 434.027 0.10399999999999998 7.823660714285714 0.9999999999999999 159.563 0.033 0.071 
data\2input8.txt 1000 10.0 20.0 0.03400000000000001 0.04700000000000004 10.277019937040924 0.9999999999999999 372.876 0.07399999999999995 7.782937365010799 0.9999999999999999 144.94 0.026 0.048 0.09099999999999997 7.768976897689769 0.9999999999999999 184.591 
Alg_Subgradientdata\2input8.txt 200.0 10.0 0.03400000000000001 0.05769230769230771 7.421052631578948 0.9999999999999999 102.1842105263158 0.0 0.057692307692307696 0.057692307692307696
Alg_Subgradient 0.5 data\2input8.txt 200.0 10.0 0.03400000000000001 0.04591836734693877 7.413903743315508 0.8999999999999999 106.23979591836735 0.003061224489795918 0.04285714285714286 0.04285714285714286
Alg4 data\2input8.txt 500.0 5.0 0.03400000000000001 0.0 3.96120020693223 0.4 3.0574236937403 
