10 4 2
4.47 25.02 18.13;2 9 
4.17 9.55 11.67;5 8 3 9 7 10 
1.96 14.18 5.34;2 8 9 5 
5.46 15.56 6.42;4 5 1 9 2 6 7 8 10 
566;9;7;50.0;3 2 1
112;3;9;200.0;1 3 4
32 640 60 
16 320 122 
16 320 30 
36 116 48000 
36 116 48000 
16 24000 122 
36 116 48000 
32 640 244 
8 1600 61 
32 640 60 
0 600 800 800 600 600 0 600 800 600 
600 0 800 800 800 600 600 0 800 600 
800 800 0 600 600 800 600 0 800 800 
800 800 600 0 800 0 0 600 600 800 
600 800 600 800 0 600 600 800 800 0 
600 600 800 0 600 0 800 600 600 600 
0 600 600 0 600 800 0 0 0 600 
600 0 0 600 800 600 0 0 600 600 
800 800 800 600 800 600 0 600 0 800 
600 600 800 800 0 600 600 600 800 0 
