15 7 5 5
4.14 49.08 12.47;5.06 32.45 12.01;1.9 11.06 7.39;1.8 35.35 13.21;1.16 34.79 1.16;1.17 35.44 13.61;5.44 49.44 4.53;
336;13;12;27.444961415040524;18.845958586161323;200.0;4.738609307372596;7 3 6 2 1 ;13 14 12 1 7 4 14 12 ;7 3 6 0 2 1 0 0 
602;3;15;35.23269986942832;10.407202319467318;100.0;2.499116168183953;3 6 1 2 5 ;3 13 8 3 15 ;3 6 1 2 5 
72;7;5;36.33422567237304;45.909484381478705;50.0;2.7053622026892725;3 6 2 7 4 5 1 ;7 15 11 8 12 3 11 8 5 ;3 6 2 7 4 0 5 1 0 
563;10;8;8.924888072149463;37.82956822629526;200.0;2.1274643275869436;5 1 4 7 6 2 3 ;10 11 1 13 6 11 9 10 1 13 8 ;5 1 4 7 6 0 0 2 0 3 0 
96;6;11;32.73812275945616;18.306704359775544;100.0;2.7390915973693986;5 7 3 6 2 4 1 ;6 5 10 7 5 4 1 7 4 5 13 11 ;5 7 3 6 0 2 4 0 1 0 0 0 
741;2;12;37.29943671952848;2.4011547734656915;150.0;0.4044021257386493;3 7 1 5 
79;4;1;37.29943671952848;0.36397159444495064;50.0;4.6092515980097675;1 
706;5;2;37.29943671952848;44.44103357058839;150.0;2.59510045973467;3 5 7 1 6 2 4 
415;14;15;37.29943671952848;6.872027156207988;200.0;4.313898174786302;4 
848;14;9;37.29943671952848;11.573552448934022;100.0;1.521209530150926;5 1 3 6 4 
0.44
32 640 60 ;1.68 
16 320 122 ;1.33 
36 116 48000 ;5.52 
8 160 26 ;0.53 
36 116 48000 ;5.52 
8 160 61 ;0.67 
36 116 48000 ;5.52 
16 3200 122 ;3.41 
16 320 30 ;0.84 
32 640 244 ;2.66 
16 320 30 ;0.84 
32 640 60 ;1.68 
36 116 48000 ;5.52 
32 640 60 ;1.68 
32 640 60 ;1.68 
0 600 800 800 800 600 0 800 0 600 800 0 800 0 0 
600 0 600 600 800 0 600 800 600 800 0 600 600 0 0 
800 600 0 600 0 0 800 0 600 0 0 600 600 800 800 
800 600 600 0 0 600 0 600 600 0 0 0 800 0 600 
800 800 0 0 0 600 600 800 800 800 600 800 0 0 600 
600 0 0 600 600 0 0 600 800 800 800 600 0 800 800 
0 600 800 0 600 0 0 0 600 0 800 0 0 0 600 
800 800 0 600 800 600 0 0 0 600 0 0 800 600 0 
0 600 600 600 800 800 600 0 0 600 800 0 800 800 800 
600 800 0 0 800 800 0 600 600 0 600 600 600 600 600 
800 0 0 0 600 800 800 0 800 600 0 800 0 0 600 
0 600 600 0 800 600 0 0 0 600 800 0 0 800 600 
800 600 600 800 0 0 0 800 800 600 0 0 0 600 0 
0 0 800 0 0 800 0 600 800 600 0 800 600 0 0 
0 0 800 600 600 800 600 0 800 600 600 600 0 0 0 
