in1.txt 5 3 7 13
in2.txt 5 3 20 80
in3.txt 5 3 30 100
in4.txt 5 3 46 140
in5.txt 5 3 52 157
in6.txt 5 3 71 90
in7.txt 5 3 71 147
in8.txt 5 3 71 500
in9.txt 5 3 71 1006
in10.txt 5 3 71 2485
in11.txt 7 3 10 23
in12.txt 7 3 20 80
in13.txt 7 3 30 100
in14.txt 7 3 46 140
in15.txt 7 3 52 157
in16.txt 7 3 71 90
in17.txt 7 3 71 147
in18.txt 7 3 71 500
in19.txt 7 3 71 1006
in20.txt 7 3 71 2485
in21.txt 7 5 10 23
in22.txt 7 5 20 80
in23.txt 7 5 30 100
in24.txt 7 5 46 140
in25.txt 7 5 52 157
in26.txt 7 5 71 90
in27.txt 7 5 71 147
in28.txt 7 5 71 500
in29.txt 7 5 71 1006
in30.txt 7 5 71 2485
in31.txt 10 10 100 200
in32.txt 10 10 100 320
in33.txt 10 10 100 467
in34.txt 10 10 100 600
in35.txt 10 10 100 739
in36.txt 10 10 100 947
in37.txt 10 10 100 1009
in38.txt 10 10 100 1247
in39.txt 10 10 100 2000
in40.txt 10 10 100 4950