36
1 20 0.75 0.02
1 70 1.75 0.09
2 135 3.5 0.18
4 285 7 0.36
8 605 14 0.72
2 135 14 0.33
4 285 28 0.66
8 605 56 1.32
8 382 56 1.446
16 382 112 2.993
8 382 56 1.173
16 382 112 2.346
1 50 3.5 0.14
2 100 7 0.28
4 200 14 0.56
8 400 28 1.12
2 100 14 0.33
4 200 28 0.652
8 400 56 1.173
16 800 112 2.111
2 384 28 0.67
4 768 56 1.34
8 1536 112 2.68
16 3072 224 5.36
32 6144 448 9.65
1 4 3.75 0.026
2 32 7.5 0.052
4 40 15 0.105
8 80 30 0.209
2 16 3.7 0.039
4 40 7.5 0.079
8 80 15 0.157
16 160 30 0.315
32 320 60 0.628
32 800 244 1.69
16 2000 117 1.32
7 20 1 4 1